Current Temperature: 26.098633 24.503906 28.761719 28.704102 26.350586 28.487305 28.354492 
Current Temperature: 26.101563 24.459961 28.762695 28.718750 26.364258 28.479492 28.363281 
Current Temperature: 26.119141 24.459961 28.731445 28.687500 26.366211 28.458008 28.359375 
Current Temperature: 26.073242 24.470703 28.763672 28.700195 26.378906 28.433594 28.363281 
Current Temperature: 26.097656 24.491211 28.746094 28.673828 26.355469 28.439453 28.375000 
Current Temperature: 26.068359 24.502930 28.746094 28.713867 26.361328 28.459961 28.350586 
Current Temperature: 26.107422 24.463867 28.756836 28.728516 26.345703 28.465820 28.363281 
Current Temperature: 26.072266 24.474609 28.744141 28.708984 26.341797 28.446289 28.363281 
Current Temperature: 26.105469 24.492188 28.761719 28.677734 26.316406 28.468750 28.387695 

Current Temperature: 26.105469 24.478516 28.748047 28.696289 26.346680 28.487305 28.357422 
Current Temperature: 26.106445 24.500977 28.761719 28.673828 26.366211 28.539063 28.374023 
Current Temperature: 26.151367 24.479492 28.742188 28.686523 26.348633 28.499023 28.390625 
Current Temperature: 26.092773 24.488281 28.721680 28.705078 26.365234 28.440430 28.389648 
Current Temperature: 26.084961 24.500000 28.714844 28.678711 26.363281 28.409180 28.381836 
Current Temperature: 26.045898 24.474609 28.697266 28.723633 26.345703 28.399414 28.344727 
Current Temperature: 26.041992 24.452148 28.707031 28.710938 26.351563 28.357422 28.337891 
Current Temperature: 26.032227 24.442383 28.717773 28.691406 26.373047 28.331055 28.361328 
Current Temperature: 26.001953 24.464844 28.715820 28.698242 26.345703 28.347656 28.341797 
Current Temperature: 26.040039 24.485352 28.700195 28.692383 26.338867 28.343750 28.337891 
Current Temperature: 26.084961 24.458984 28.712891 28.713867 26.339844 28.352539 28.359375 
Current Temperature: 26.079102 24.429688 28.722656 28.701172 26.369141 28.350586 28.365234 
Current Temperature: 26.072266 24.458984 28.698242 28.696289 26.328125 28.363281 28.347656 