18.92 22.14 23.82 271.40 -999.00 -999.00 -999.00 
18.90 22.16 23.83 271.35 -999.00 -999.00 -999.00 
18.88 22.17 23.82 271.41 -999.00 -999.00 -999.00 
18.90 22.16 23.84 271.43 -999.00 -999.00 -999.00 
18.92 22.15 23.84 271.42 -999.00 -999.00 -999.00 
18.90 22.17 23.86 271.43 -999.00 -999.00 -999.00 
18.91 22.15 23.87 271.39 -999.00 -999.00 -999.00 
18.91 22.16 23.83 271.40 -999.00 -999.00 -999.00 
18.90 22.16 23.85 271.42 -999.00 -999.00 -999.00 
18.87 22.15 23.83 271.42 -999.00 -999.00 -999.00 
18.91 22.17 23.88 271.40 -999.00 -999.00 -999.00 
18.87 22.17 23.83 271.40 -999.00 -999.00 -999.00 
18.90 22.16 23.86 271.42 -999.00 -999.00 -999.00 
18.90 22.17 23.84 271.40 -999.00 -999.00 -999.00 
18.92 22.17 23.85 271.39 -999.00 -999.00 -999.00 
18.89 22.15 23.84 271.40 -999.00 -999.00 -999.00 
18.90 22.13 23.85 271.40 -999.00 -999.00 -999.00 
18.91 22.17 23.84 271.39 -999.00 -999.00 -999.00 
18.89 22.21 23.86 271.42 -999.00 -999.00 -999.00 
18.91 22.16 23.85 271.39 -999.00 -999.00 -999.00 
18.90 22.16 23.83 271.43 -999.00 -999.00 -999.00 
18.91 22.17 23.84 271.35 -999.00 -999.00 -999.00 
18.89 22.17 23.84 271.40 -999.00 -999.00 -999.00 
18.90 22.18 23.83 271.45 -999.00 -999.00 -999.00 
18.91 22.16 23.85 271.38 -999.00 -999.00 -999.00 
18.90 22.14 23.85 271.45 -999.00 -999.00 -999.00 
18.92 22.18 23.85 271.44 -999.00 -999.00 -999.00 
18.91 22.17 23.85 271.40 -999.00 -999.00 -999.00 
18.91 22.15 23.86 271.38 -999.00 -999.00 -999.00 
18.91 22.15 23.84 271.41 -999.00 -999.00 -999.00 
18.90 22.17 23.85 271.43 -999.00 -999.00 -999.00 
18.90 22.17 23.86 271.39 -999.00 -999.00 -999.00 
18.88 22.17 23.83 271.35 -999.00 -999.00 -999.00 
18.92 22.17 23.87 271.45 -999.00 -999.00 -999.00 
18.91 22.16 23.83 271.40 -999.00 -999.00 -999.00 
18.90 22.15 23.85 271.38 -999.00 -999.00 -999.00 
18.89 22.16 23.84 271.39 -999.00 -999.00 -999.00 

18.89 22.16 23.85 271.40 -999.00 -999.00 -999.00 
18.87 22.14 23.84 271.46 -999.00 -999.00 -999.00 
18.91 22.16 23.87 271.41 -999.00 -999.00 -999.00 
18.93 22.16 23.86 271.41 -999.00 -999.00 -999.00 
18.91 22.15 23.85 271.46 -999.00 -999.00 -999.00 
18.92 22.16 23.83 271.41 -999.00 -999.00 -999.00 
18.91 22.16 23.83 271.35 -999.00 -999.00 -999.00 
18.89 22.19 23.84 271.43 -999.00 -999.00 -999.00 
18.91 22.18 23.85 271.40 -999.00 -999.00 -999.00 
18.90 22.14 23.84 271.45 -999.00 -999.00 -999.00 
18.93 22.17 23.87 271.39 -999.00 -999.00 -999.00 
18.90 22.17 23.84 271.41 -999.00 -999.00 -999.00 
18.88 22.17 23.86 271.40 -999.00 -999.00 -999.00 
18.92 22.15 23.84 271.42 -999.00 -999.00 -999.00 
18.92 22.13 23.85 271.42 -999.00 -999.00 -999.00 
18.89 22.18 23.83 271.45 -999.00 -999.00 -999.00 
18.90 22.16 23.86 271.42 -999.00 -999.00 -999.00 
18.91 22.15 23.85 271.40 -999.00 -999.00 -999.00 
18.89 22.16 23.85 271.41 -999.00 -999.00 -999.00 
18.91 22.16 23.84 271.42 -999.00 -999.00 -999.00 
18.90 22.14 23.84 271.42 -999.00 -999.00 -999.00 
