18.95 2.64 -999.00 -999.00 -999.00 -999.00 -999.00 
18.94 2.64 -999.00 -999.00 -999.00 -999.00 -999.00 
18.97 2.62 -999.00 -999.00 -999.00 -999.00 -999.00 
18.95 2.64 -999.00 -999.00 -999.00 -999.00 -999.00 
18.99 2.62 -999.00 -999.00 -999.00 -999.00 -999.00 
18.94 2.63 -999.00 -999.00 -999.00 -999.00 -999.00 
18.98 2.63 -999.00 -999.00 -999.00 -999.00 -999.00 
18.96 2.63 -999.00 -999.00 -999.00 -999.00 -999.00 
18.94 2.63 -999.00 -999.00 -999.00 -999.00 -999.00 
18.95 2.62 -999.00 -999.00 -999.00 -999.00 -999.00 
18.96 2.62 -999.00 -999.00 -999.00 -999.00 -999.00 
18.96 2.63 -999.00 -999.00 -999.00 -999.00 -999.00 
18.95 2.63 -999.00 -999.00 -999.00 -999.00 -999.00 
18.93 2.63 -999.00 -999.00 -999.00 -999.00 -999.00 
18.97 2.63 -999.00 -999.00 -999.00 -999.00 -999.00 
18.95 2.64 -999.00 -999.00 -999.00 -999.00 -999.00 
18.95 2.62 -999.00 -999.00 -999.00 -999.00 -999.00 
18.96 2.62 -999.00 -999.00 -999.00 -999.00 -999.00 
18.96 2.63 -999.00 -999.00 -999.00 -999.00 -999.00 
18.93 2.61 -999.00 -999.00 -999.00 -999.00 -999.00 
18.97 2.63 -999.00 -999.00 -999.00 -999.00 -999.00 
18.96 2.62 -999.00 -999.00 -999.00 -999.00 -999.00 
18.96 2.61 -999.00 -999.00 -999.00 -999.00 -999.00 
18.96 2.64 -999.00 -999.00 -999.00 -999.00 -999.00 
18.96 2.64 -999.00 -999.00 -999.00 -999.00 -999.00 
18.95 2.63 -999.00 -999.00 -999.00 -999.00 -999.00 
18.94 2.62 -999.00 -999.00 -999.00 -999.00 -999.00 
18.94 2.62 -999.00 -999.00 -999.00 -999.00 -999.00 
18.95 2.62 -999.00 -999.00 -999.00 -999.00 -999.00 
18.96 2.63 -999.00 -999.00 -999.00 -999.00 -999.00 
18.94 2.62 -999.00 -999.00 -999.00 -999.00 -999.00 
18.94 2.65 -999.00 -999.00 -999.00 -999.00 -999.00 
18.93 2.63 -999.00 -999.00 -999.00 -999.00 -999.00 
18.95 2.61 -999.00 -999.00 -999.00 -999.00 -999.00 
18.94 2.64 -999.00 -999.00 -999.00 -999.00 -999.00 
18.96 2.62 -999.00 -999.00 -999.00 -999.00 -999.00 
18.96 2.61 -999.00 -999.00 -999.00 -999.00 -999.00 
18.95 2.60 -999.00 -999.00 -999.00 -999.00 -999.00 
18.96 2.63 -999.00 -999.00 -999.00 -999.00 -999.00 
18.97 2.61 -999.00 -999.00 -999.00 -999.00 -999.00 
18.95 2.65 -999.00 -999.00 -999.00 -999.00 -999.00 
18.94 2.65 -999.00 -999.00 -999.00 -999.00 -999.00 
18.98 2.66 -999.00 -999.00 -999.00 -999.00 -999.00 
18.96 2.63 -999.00 -999.00 -999.00 -999.00 -999.00 
18.97 2.63 -999.00 -999.00 -999.00 -999.00 -999.00 
18.96 2.62 -999.00 -999.00 -999.00 -999.00 -999.00 
18.95 2.65 -999.00 -999.00 -999.00 -999.00 -999.00 
18.94 2.65 -999.00 -999.00 -999.00 -999.00 -999.00 
18.95 2.65 -999.00 -999.00 -999.00 -999.00 -999.00 
18.94 2.63 -999.00 -999.00 -999.00 -999.00 -999.00 
18.97 2.63 -999.00 -999.00 -999.00 -999.00 -999.00 
18.94 2.65 -999.00 -999.00 -999.00 -999.00 -999.00 
18.94 2.65 -999.00 -999.00 -999.00 -999.00 -999.00 
18.98 2.60 -999.00 -999.00 -999.00 -999.00 -999.00 
18.96 2.65 -999.00 -999.00 -999.00 -999.00 -999.00 
18.96 2.65 -999.00 -999.00 -999.00 -999.00 -999.00 
18.95 2.64 -999.00 -999.00 -999.00 -999.00 -999.00 
18.96 2.61 -999.00 -999.00 -999.00 -999.00 -999.00 
18.94 2.64 -999.00 -999.00 -999.00 -999.00 -999.00 
18.95 2.62 -999.00 -999.00 -999.00 -999.00 -999.00 
18.94 2.64 -999.00 -999.00 -999.00 -999.00 -999.00 
18.95 2.63 -999.00 -999.00 -999.00 -999.00 -999.00 
18.95 2.64 -999.00 -999.00 -999.00 -999.00 -999.00 
18.96 2.62 -999.00 -999.00 -999.00 -999.00 -999.00 
18.96 2.65 -999.00 -999.00 -999.00 -999.00 -999.00 
