18.88 22.14 23.84 21.93 262.70 -999.00 -999.00 
18.90 22.17 23.83 21.94 262.71 -999.00 -999.00 
18.88 22.16 23.84 21.92 262.76 -999.00 -999.00 
18.90 22.18 23.83 21.92 262.67 -999.00 -999.00 
18.90 22.14 23.85 21.93 262.74 -999.00 -999.00 
18.90 22.14 23.80 21.93 262.65 -999.00 -999.00 
18.91 22.15 23.84 21.95 262.74 -999.00 -999.00 
18.91 22.17 23.83 21.93 262.71 -999.00 -999.00 
18.92 22.15 23.82 21.92 262.71 -999.00 -999.00 
18.90 22.16 23.83 21.93 262.65 -999.00 -999.00 
18.88 22.17 23.85 21.92 262.73 -999.00 -999.00 
18.88 22.18 23.83 21.93 262.73 -999.00 -999.00 
18.91 22.18 23.85 21.93 262.73 -999.00 -999.00 
18.89 22.15 23.81 21.93 262.71 -999.00 -999.00 
18.90 22.15 23.83 21.93 262.68 -999.00 -999.00 
18.88 22.14 23.85 21.92 262.76 -999.00 -999.00 
18.91 22.13 23.84 21.91 262.70 -999.00 -999.00 
18.93 22.14 23.85 21.93 262.72 -999.00 -999.00 
18.92 22.17 23.85 21.92 262.73 -999.00 -999.00 
18.86 22.16 23.85 21.92 262.72 -999.00 -999.00 
18.90 22.17 23.81 21.92 262.72 -999.00 -999.00 
18.87 22.15 23.83 21.93 262.69 -999.00 -999.00 
18.90 22.18 23.84 21.96 262.73 -999.00 -999.00 
18.90 22.16 23.83 21.94 262.71 -999.00 -999.00 
18.88 22.14 23.85 21.92 262.65 -999.00 -999.00 
18.92 22.14 23.85 21.94 262.67 -999.00 -999.00 
18.91 22.16 23.83 21.93 262.71 -999.00 -999.00 
18.91 22.14 23.80 21.95 262.69 -999.00 -999.00 
18.90 22.16 23.83 21.92 262.69 -999.00 -999.00 
18.93 22.19 23.80 21.91 262.75 -999.00 -999.00 
18.91 22.12 23.84 21.93 262.70 -999.00 -999.00 
18.87 22.13 23.86 21.89 262.70 -999.00 -999.00 
18.90 22.16 23.83 21.94 262.71 -999.00 -999.00 
18.90 22.16 23.82 21.95 262.72 -999.00 -999.00 
18.90 22.14 23.80 21.94 262.72 -999.00 -999.00 
18.92 22.16 23.82 21.93 262.76 -999.00 -999.00 
18.89 22.15 23.82 21.94 262.76 -999.00 -999.00 
18.92 22.14 23.82 21.90 262.74 -999.00 -999.00 
18.89 22.18 23.82 21.91 262.68 -999.00 -999.00 
18.89 22.16 23.81 21.93 262.68 -999.00 -999.00 
18.91 22.16 23.83 21.94 262.77 -999.00 -999.00 
18.89 22.15 23.82 21.93 262.74 -999.00 -999.00 
18.88 22.14 23.83 21.93 262.66 -999.00 -999.00 
18.89 22.15 23.84 21.94 262.77 -999.00 -999.00 
18.92 22.15 23.82 21.93 262.71 -999.00 -999.00 
18.87 22.17 23.83 21.94 262.72 -999.00 -999.00 
18.89 22.14 23.82 21.91 262.70 -999.00 -999.00 
18.88 22.17 23.84 21.95 262.71 -999.00 -999.00 
18.89 22.14 23.83 21.95 262.71 -999.00 -999.00 
18.88 22.16 23.83 21.92 262.69 -999.00 -999.00 
18.91 22.16 23.83 21.92 262.75 -999.00 -999.00 
18.89 22.17 23.83 21.95 262.74 -999.00 -999.00 
18.91 22.16 23.82 21.90 262.71 -999.00 -999.00 
18.90 22.19 23.83 21.94 262.71 -999.00 -999.00 
18.88 22.14 23.84 21.91 262.69 -999.00 -999.00 
18.90 22.14 23.82 21.92 262.69 -999.00 -999.00 
18.92 22.14 23.83 21.94 262.70 -999.00 -999.00 
18.90 22.13 23.87 21.94 262.76 -999.00 -999.00 
18.90 22.16 23.84 21.94 262.69 -999.00 -999.00 
18.89 22.17 23.83 21.89 262.75 -999.00 -999.00 
18.88 22.14 23.83 21.90 262.73 -999.00 -999.00 
18.91 22.17 23.83 21.92 262.74 -999.00 -999.00 
18.89 22.15 23.84 21.94 262.76 -999.00 -999.00 
