18.90 272.01 -999.00 -999.00 -999.00 -999.00 -999.00 
18.92 271.98 -999.00 -999.00 -999.00 -999.00 -999.00 
18.93 272.02 -999.00 -999.00 -999.00 -999.00 -999.00 
18.92 272.05 -999.00 -999.00 -999.00 -999.00 -999.00 
18.94 272.04 -999.00 -999.00 -999.00 -999.00 -999.00 
18.94 271.98 -999.00 -999.00 -999.00 -999.00 -999.00 
18.90 272.02 -999.00 -999.00 -999.00 -999.00 -999.00 
18.92 272.03 -999.00 -999.00 -999.00 -999.00 -999.00 
18.91 272.07 -999.00 -999.00 -999.00 -999.00 -999.00 
18.93 272.01 -999.00 -999.00 -999.00 -999.00 -999.00 
18.92 272.02 -999.00 -999.00 -999.00 -999.00 -999.00 
18.93 272.04 -999.00 -999.00 -999.00 -999.00 -999.00 
18.91 272.05 -999.00 -999.00 -999.00 -999.00 -999.00 
18.92 272.02 -999.00 -999.00 -999.00 -999.00 -999.00 
18.93 272.06 -999.00 -999.00 -999.00 -999.00 -999.00 
18.92 272.02 -999.00 -999.00 -999.00 -999.00 -999.00 
18.90 272.04 -999.00 -999.00 -999.00 -999.00 -999.00 
18.91 272.01 -999.00 -999.00 -999.00 -999.00 -999.00 
18.92 272.00 -999.00 -999.00 -999.00 -999.00 -999.00 
18.91 272.01 -999.00 -999.00 -999.00 -999.00 -999.00 
18.94 272.04 -999.00 -999.00 -999.00 -999.00 -999.00 
18.93 271.99 -999.00 -999.00 -999.00 -999.00 -999.00 
18.92 272.00 -999.00 -999.00 -999.00 -999.00 -999.00 
18.93 272.04 -999.00 -999.00 -999.00 -999.00 -999.00 
18.91 272.07 -999.00 -999.00 -999.00 -999.00 -999.00 
18.92 272.01 -999.00 -999.00 -999.00 -999.00 -999.00 
18.92 271.99 -999.00 -999.00 -999.00 -999.00 -999.00 
18.92 272.03 -999.00 -999.00 -999.00 -999.00 -999.00 
18.94 272.02 -999.00 -999.00 -999.00 -999.00 -999.00 
18.94 272.01 -999.00 -999.00 -999.00 -999.00 -999.00 
18.93 272.06 -999.00 -999.00 -999.00 -999.00 -999.00 
18.93 272.01 -999.00 -999.00 -999.00 -999.00 -999.00 
18.93 272.00 -999.00 -999.00 -999.00 -999.00 -999.00 
18.92 271.99 -999.00 -999.00 -999.00 -999.00 -999.00 
18.92 272.03 -999.00 -999.00 -999.00 -999.00 -999.00 
18.93 272.03 -999.00 -999.00 -999.00 -999.00 -999.00 
18.93 272.08 -999.00 -999.00 -999.00 -999.00 -999.00 
18.94 272.04 -999.00 -999.00 -999.00 -999.00 -999.00 
18.92 272.09 -999.00 -999.00 -999.00 -999.00 -999.00 
18.93 272.06 -999.00 -999.00 -999.00 -999.00 -999.00 
18.93 272.00 -999.00 -999.00 -999.00 -999.00 -999.00 
18.93 272.01 -999.00 -999.00 -999.00 -999.00 -999.00 
18.91 272.06 -999.00 -999.00 -999.00 -999.00 -999.00 
18.92 272.05 -999.00 -999.00 -999.00 -999.00 -999.00 
18.91 272.04 -999.00 -999.00 -999.00 -999.00 -999.00 
18.91 272.08 -999.00 -999.00 -999.00 -999.00 -999.00 
18.93 272.04 -999.00 -999.00 -999.00 -999.00 -999.00 
18.92 272.03 -999.00 -999.00 -999.00 -999.00 -999.00 
18.92 271.99 -999.00 -999.00 -999.00 -999.00 -999.00 
18.92 272.05 -999.00 -999.00 -999.00 -999.00 -999.00 
18.92 272.05 -999.00 -999.00 -999.00 -999.00 -999.00 
18.91 272.02 -999.00 -999.00 -999.00 -999.00 -999.00 
18.91 272.01 -999.00 -999.00 -999.00 -999.00 -999.00 
18.90 272.01 -999.00 -999.00 -999.00 -999.00 -999.00 
18.94 272.03 -999.00 -999.00 -999.00 -999.00 -999.00 
18.92 272.03 -999.00 -999.00 -999.00 -999.00 -999.00 
18.92 272.04 -999.00 -999.00 -999.00 -999.00 -999.00 
18.92 272.05 -999.00 -999.00 -999.00 -999.00 -999.00 
18.90 272.01 -999.00 -999.00 -999.00 -999.00 -999.00 
18.90 272.05 -999.00 -999.00 -999.00 -999.00 -999.00 
18.88 272.01 -999.00 -999.00 -999.00 -999.00 -999.00 
18.92 272.06 -999.00 -999.00 -999.00 -999.00 -999.00 
18.91 272.07 -999.00 -999.00 -999.00 -999.00 -999.00 

18.92 272.11 -999.00 -999.00 -999.00 -999.00 -999.00 
18.90 272.00 -999.00 -999.00 -999.00 -999.00 -999.00 
18.91 272.08 -999.00 -999.00 -999.00 -999.00 -999.00 
18.92 272.01 -999.00 -999.00 -999.00 -999.00 -999.00 
18.92 271.97 -999.00 -999.00 -999.00 -999.00 -999.00 
18.90 272.00 -999.00 -999.00 -999.00 -999.00 -999.00 
18.90 272.03 -999.00 -999.00 -999.00 -999.00 -999.00 
18.91 272.01 -999.00 -999.00 -999.00 -999.00 -999.00 
18.93 272.01 -999.00 -999.00 -999.00 -999.00 -999.00 
18.91 272.04 -999.00 -999.00 -999.00 -999.00 -999.00 
18.93 272.03 -999.00 -999.00 -999.00 -999.00 -999.00 
18.91 272.05 -999.00 -999.00 -999.00 -999.00 -999.00 
18.93 272.04 -999.00 -999.00 -999.00 -999.00 -999.00 
18.91 272.05 -999.00 -999.00 -999.00 -999.00 -999.00 
18.93 272.02 -999.00 -999.00 -999.00 -999.00 -999.00 
18.92 271.97 -999.00 -999.00 -999.00 -999.00 -999.00 
