18.88 22.14 23.83 21.91 17.50 23.53 275.34 
18.90 22.15 23.82 21.95 17.46 23.55 275.34 
18.87 22.16 23.85 21.90 17.47 23.53 275.36 
18.88 22.15 23.82 21.89 17.45 23.55 275.27 
18.86 22.16 23.86 21.92 17.48 23.52 275.34 
18.90 22.14 23.81 21.92 17.47 23.55 275.31 
18.87 22.16 23.85 21.92 17.47 23.52 275.31 
18.88 22.16 23.83 21.92 17.47 23.54 275.31 
18.90 22.17 23.83 21.91 17.47 23.51 275.36 
18.90 22.16 23.83 21.91 17.45 23.54 275.37 
18.88 22.16 23.83 21.92 17.48 23.57 275.31 
18.91 22.14 23.83 21.91 17.46 23.52 275.28 
18.89 22.15 23.83 21.95 17.48 23.53 275.34 
18.90 22.14 23.82 21.91 17.48 23.52 275.33 
18.90 22.16 23.83 21.93 17.49 23.51 275.33 
18.89 22.16 23.81 21.91 17.49 23.54 275.31 
18.87 22.14 23.84 21.92 17.48 23.53 275.29 
18.90 22.13 23.85 21.91 17.47 23.54 275.33 
18.88 22.15 23.83 21.94 17.46 23.53 275.33 
18.87 22.15 23.82 21.94 17.46 23.52 275.32 
18.91 22.16 23.84 21.92 17.45 23.55 275.35 
18.89 22.14 23.83 21.95 17.50 23.53 275.35 
18.87 22.15 23.83 21.93 17.45 23.54 275.30 
18.90 22.15 23.87 21.93 17.47 23.53 275.31 
18.87 22.12 23.82 21.94 17.49 23.54 275.36 
18.90 22.15 23.82 21.93 17.48 23.52 275.33 
18.92 22.15 23.82 21.94 17.47 23.54 275.36 
18.89 22.14 23.82 21.93 17.45 23.52 275.31 
18.88 22.16 23.83 21.92 17.48 23.52 275.34 
18.89 22.13 23.82 21.92 17.50 23.55 275.36 
18.88 22.16 23.83 21.92 17.48 23.52 275.35 
18.91 22.15 23.85 21.93 17.48 23.52 275.33 
18.88 22.16 23.83 21.92 17.47 23.53 275.38 
18.87 22.15 23.81 21.91 17.49 23.51 275.34 
18.90 22.12 23.83 21.91 17.48 23.54 275.36 
18.88 22.14 23.80 21.93 17.48 23.54 275.26 
18.89 22.13 23.83 21.93 17.47 23.53 275.28 
18.88 22.17 23.82 21.90 17.46 23.54 275.35 
18.87 22.15 23.84 21.91 17.47 23.54 275.31 
18.89 22.15 23.83 21.91 17.49 23.52 275.29 
18.89 22.14 23.82 21.91 17.50 23.52 275.25 
18.87 22.13 23.84 21.92 17.47 23.53 275.35 
18.87 22.16 23.82 21.93 17.50 23.53 275.36 
18.91 22.15 23.80 21.94 17.47 23.53 275.37 
18.88 22.16 23.84 21.94 17.48 23.53 275.34 
18.88 22.14 23.82 21.91 17.47 23.57 275.33 
18.91 22.14 23.83 21.91 17.47 23.56 275.33 
18.89 22.15 23.84 21.94 17.50 23.57 275.36 
18.92 22.15 23.85 21.92 17.47 23.52 275.33 
18.89 22.13 23.83 21.90 17.46 23.53 275.31 
18.88 22.16 23.82 21.93 17.49 23.52 275.31 
18.88 22.16 23.83 21.90 17.46 23.53 275.31 
18.90 22.16 23.82 21.94 17.46 23.53 275.33 
18.90 22.12 23.81 21.91 17.49 23.53 275.33 
18.89 22.15 23.81 21.91 17.50 23.54 275.36 
18.92 22.14 23.83 21.90 17.48 23.51 275.28 
