19.03 22.30 23.97 22.05 17.63 3.91 -999.00 
19.04 22.30 23.98 22.05 17.62 3.89 -999.00 
19.04 22.31 24.00 22.08 17.61 3.90 -999.00 
19.05 22.30 24.00 22.06 17.61 3.90 -999.00 
19.06 22.30 23.98 22.09 17.61 3.92 -999.00 
19.04 22.32 23.96 22.10 17.62 3.91 -999.00 
19.03 22.28 23.97 22.07 17.63 3.92 -999.00 
19.06 22.28 23.98 22.07 17.62 3.89 -999.00 
19.05 22.30 23.97 22.07 17.62 3.90 -999.00 
19.04 22.29 23.97 22.09 17.62 3.91 -999.00 
19.04 22.29 24.01 22.07 17.61 3.89 -999.00 
19.04 22.28 23.97 22.06 17.64 3.91 -999.00 
19.02 22.31 23.95 22.07 17.63 3.87 -999.00 
19.05 22.33 23.99 22.09 17.61 3.91 -999.00 
19.04 22.32 23.98 22.06 17.63 3.91 -999.00 
19.05 22.29 23.99 22.07 17.61 3.90 -999.00 
19.05 22.31 24.02 22.07 17.62 3.90 -999.00 
19.04 22.30 23.97 22.06 17.62 3.92 -999.00 
19.05 22.30 23.97 22.06 17.63 3.92 -999.00 
19.06 22.29 24.00 22.07 17.62 3.89 -999.00 
19.03 22.30 24.00 22.07 17.58 3.90 -999.00 
19.04 22.33 23.98 22.08 17.61 3.92 -999.00 
19.05 22.30 23.97 22.08 17.62 3.93 -999.00 
19.04 22.30 23.95 22.09 17.59 3.90 -999.00 
19.05 22.27 23.97 22.06 17.62 3.94 -999.00 
19.05 22.30 24.01 22.07 17.63 3.92 -999.00 
19.04 22.29 23.97 22.09 17.63 3.89 -999.00 
19.02 22.31 24.00 22.08 17.62 3.88 -999.00 
19.05 22.28 23.98 22.05 17.66 3.90 -999.00 
19.02 22.28 23.98 22.07 17.62 3.91 -999.00 
19.02 22.28 23.98 22.07 17.61 3.93 -999.00 
19.03 22.29 23.98 22.05 17.63 3.91 -999.00 
19.04 22.28 23.97 22.08 17.61 3.88 -999.00 
19.06 22.29 23.94 22.06 17.59 3.92 -999.00 
19.04 22.30 23.96 22.06 17.61 3.91 -999.00 
19.03 22.29 23.96 22.07 17.60 3.89 -999.00 
19.07 22.31 23.97 22.09 17.61 3.88 -999.00 
19.06 22.26 23.98 22.06 17.61 3.89 -999.00 
19.05 22.28 23.99 22.08 17.60 3.92 -999.00 
19.06 22.29 23.97 22.08 17.63 3.88 -999.00 
19.02 22.26 23.97 22.09 17.63 3.91 -999.00 
19.04 22.30 23.97 22.12 17.61 3.91 -999.00 
19.01 22.31 23.99 22.06 17.62 3.91 -999.00 
19.03 22.29 23.98 22.05 17.61 3.90 -999.00 
19.03 22.32 23.96 22.06 17.62 3.91 -999.00 
19.05 22.29 23.97 22.08 17.63 3.90 -999.00 
19.04 22.28 23.97 22.05 17.60 3.91 -999.00 
19.03 22.30 23.98 22.07 17.61 3.91 -999.00 
19.02 22.30 23.96 22.07 17.63 3.92 -999.00 
19.04 22.29 24.00 22.05 17.62 3.90 -999.00 
