265.72 -999.00 -999.00 -999.00 -999.00 -999.00 -999.00 
265.70 -999.00 -999.00 -999.00 -999.00 -999.00 -999.00 
265.73 -999.00 -999.00 -999.00 -999.00 -999.00 -999.00 
265.72 -999.00 -999.00 -999.00 -999.00 -999.00 -999.00 
265.74 -999.00 -999.00 -999.00 -999.00 -999.00 -999.00 
265.73 -999.00 -999.00 -999.00 -999.00 -999.00 -999.00 
265.75 -999.00 -999.00 -999.00 -999.00 -999.00 -999.00 
265.72 -999.00 -999.00 -999.00 -999.00 -999.00 -999.00 
265.71 -999.00 -999.00 -999.00 -999.00 -999.00 -999.00 
265.73 -999.00 -999.00 -999.00 -999.00 -999.00 -999.00 
265.70 -999.00 -999.00 -999.00 -999.00 -999.00 -999.00 
265.76 -999.00 -999.00 -999.00 -999.00 -999.00 -999.00 
265.70 -999.00 -999.00 -999.00 -999.00 -999.00 -999.00 
265.68 -999.00 -999.00 -999.00 -999.00 -999.00 -999.00 
265.68 -999.00 -999.00 -999.00 -999.00 -999.00 -999.00 
265.69 -999.00 -999.00 -999.00 -999.00 -999.00 -999.00 
265.71 -999.00 -999.00 -999.00 -999.00 -999.00 -999.00 
265.75 -999.00 -999.00 -999.00 -999.00 -999.00 -999.00 
265.75 -999.00 -999.00 -999.00 -999.00 -999.00 -999.00 
265.73 -999.00 -999.00 -999.00 -999.00 -999.00 -999.00 
265.72 -999.00 -999.00 -999.00 -999.00 -999.00 -999.00 
265.73 -999.00 -999.00 -999.00 -999.00 -999.00 -999.00 
265.74 -999.00 -999.00 -999.00 -999.00 -999.00 -999.00 
265.73 -999.00 -999.00 -999.00 -999.00 -999.00 -999.00 
265.73 -999.00 -999.00 -999.00 -999.00 -999.00 -999.00 
265.73 -999.00 -999.00 -999.00 -999.00 -999.00 -999.00 
265.70 -999.00 -999.00 -999.00 -999.00 -999.00 -999.00 
265.70 -999.00 -999.00 -999.00 -999.00 -999.00 -999.00 
265.74 -999.00 -999.00 -999.00 -999.00 -999.00 -999.00 
265.69 -999.00 -999.00 -999.00 -999.00 -999.00 -999.00 
265.69 -999.00 -999.00 -999.00 -999.00 -999.00 -999.00 
265.73 -999.00 -999.00 -999.00 -999.00 -999.00 -999.00 
265.72 -999.00 -999.00 -999.00 -999.00 -999.00 -999.00 
265.72 -999.00 -999.00 -999.00 -999.00 -999.00 -999.00 
265.76 -999.00 -999.00 -999.00 -999.00 -999.00 -999.00 
265.70 -999.00 -999.00 -999.00 -999.00 -999.00 -999.00 
265.80 -999.00 -999.00 -999.00 -999.00 -999.00 -999.00 
265.73 -999.00 -999.00 -999.00 -999.00 -999.00 -999.00 
265.73 -999.00 -999.00 -999.00 -999.00 -999.00 -999.00 
265.77 -999.00 -999.00 -999.00 -999.00 -999.00 -999.00 
265.80 -999.00 -999.00 -999.00 -999.00 -999.00 -999.00 
265.73 -999.00 -999.00 -999.00 -999.00 -999.00 -999.00 
265.74 -999.00 -999.00 -999.00 -999.00 -999.00 -999.00 
265.72 -999.00 -999.00 -999.00 -999.00 -999.00 -999.00 
265.70 -999.00 -999.00 -999.00 -999.00 -999.00 -999.00 
265.68 -999.00 -999.00 -999.00 -999.00 -999.00 -999.00 
265.71 -999.00 -999.00 -999.00 -999.00 -999.00 -999.00 
265.69 -999.00 -999.00 -999.00 -999.00 -999.00 -999.00 
265.70 -999.00 -999.00 -999.00 -999.00 -999.00 -999.00 
265.72 -999.00 -999.00 -999.00 -999.00 -999.00 -999.00 
265.76 -999.00 -999.00 -999.00 -999.00 -999.00 -999.00 
265.73 -999.00 -999.00 -999.00 -999.00 -999.00 -999.00 
265.73 -999.00 -999.00 -999.00 -999.00 -999.00 -999.00 
265.77 -999.00 -999.00 -999.00 -999.00 -999.00 -999.00 
265.71 -999.00 -999.00 -999.00 -999.00 -999.00 -999.00 
265.72 -999.00 -999.00 -999.00 -999.00 -999.00 -999.00 
265.73 -999.00 -999.00 -999.00 -999.00 -999.00 -999.00 
265.71 -999.00 -999.00 -999.00 -999.00 -999.00 -999.00 
265.71 -999.00 -999.00 -999.00 -999.00 -999.00 -999.00 
265.70 -999.00 -999.00 -999.00 -999.00 -999.00 -999.00 
265.70 -999.00 -999.00 -999.00 -999.00 -999.00 -999.00 
265.74 -999.00 -999.00 -999.00 -999.00 -999.00 -999.00 
265.74 -999.00 -999.00 -999.00 -999.00 -999.00 -999.00 
265.73 -999.00 -999.00 -999.00 -999.00 -999.00 -999.00 
265.71 -999.00 -999.00 -999.00 -999.00 -999.00 -999.00 
265.67 -999.00 -999.00 -999.00 -999.00 -999.00 -999.00 
265.71 -999.00 -999.00 -999.00 -999.00 -999.00 -999.00 
265.77 -999.00 -999.00 -999.00 -999.00 -999.00 -999.00 
265.70 -999.00 -999.00 -999.00 -999.00 -999.00 -999.00 
265.73 -999.00 -999.00 -999.00 -999.00 -999.00 -999.00 
265.71 -999.00 -999.00 -999.00 -999.00 -999.00 -999.00 
265.75 -999.00 -999.00 -999.00 -999.00 -999.00 -999.00 
265.70 -999.00 -999.00 -999.00 -999.00 -999.00 -999.00 
265.68 -999.00 -999.00 -999.00 -999.00 -999.00 -999.00 
