19.03 22.33 24.03 22.11 17.65 23.71 4.14 
19.07 22.35 24.02 22.11 17.67 23.72 4.13 
19.06 22.34 24.01 22.13 17.64 23.74 4.13 
19.07 22.33 24.01 22.12 17.67 23.71 4.14 
19.07 22.31 24.02 22.09 17.64 23.70 4.12 
19.08 22.32 24.02 22.11 17.64 23.72 4.15 
19.07 22.30 24.02 22.09 17.65 23.73 4.15 
19.07 22.31 24.00 22.10 17.67 23.70 4.13 
19.08 22.31 24.00 22.11 17.62 23.73 4.15 
19.06 22.30 24.01 22.11 17.65 23.74 4.15 
19.08 22.29 24.03 22.11 17.66 23.70 4.15 
19.07 22.31 24.00 22.09 17.65 23.72 4.12 
19.07 22.34 24.03 22.08 17.62 23.73 4.16 
19.09 22.34 23.98 22.12 17.63 23.72 4.12 
19.10 22.35 24.01 22.13 17.64 23.71 4.16 
19.05 22.30 24.02 22.10 17.65 23.71 4.17 
19.04 22.34 24.04 22.12 17.63 23.73 4.15 
19.08 22.32 24.01 22.09 17.65 23.70 4.13 
19.05 22.32 23.98 22.09 17.64 23.69 4.12 
19.07 22.34 24.00 22.12 17.66 23.73 4.15 
19.06 22.31 24.05 22.09 17.64 23.69 4.15 
19.08 22.32 24.02 22.11 17.60 23.69 4.13 
19.03 22.32 24.02 22.11 17.67 23.69 4.14 
19.07 22.33 23.99 22.08 17.64 23.74 4.12 
19.08 22.34 24.02 22.10 17.64 23.69 4.16 
19.06 22.34 24.03 22.12 17.63 23.71 4.18 
19.06 22.33 24.01 22.11 17.64 23.71 4.14 
19.07 22.34 23.98 22.08 17.66 23.71 4.14 
19.07 22.33 24.03 22.10 17.67 23.70 4.14 
19.06 22.32 24.01 22.08 17.65 23.71 4.17 
19.08 22.30 24.00 22.09 17.65 23.73 4.17 
19.05 22.32 24.02 22.09 17.64 23.69 4.12 
19.05 22.31 24.04 22.10 17.65 23.72 4.16 
19.05 22.30 24.01 22.10 17.67 23.70 4.15 
19.08 22.33 24.02 22.09 17.66 23.73 4.13 
19.05 22.33 24.00 22.10 17.66 23.72 4.13 
19.08 22.32 24.02 22.10 17.66 23.71 4.15 
19.07 22.31 23.99 22.10 17.63 23.70 4.13 
19.06 22.31 24.01 22.09 17.64 23.71 4.15 
19.08 22.35 24.00 22.10 17.66 23.72 4.15 
19.06 22.36 24.00 22.09 17.65 23.72 4.15 
19.08 22.33 24.01 22.11 17.65 23.70 4.15 
19.05 22.30 24.03 22.08 17.67 23.74 4.15 
19.07 22.30 23.99 22.10 17.64 23.70 4.15 
19.06 22.32 23.98 22.10 17.63 23.70 4.15 
19.07 22.33 24.00 22.06 17.65 23.72 4.14 
19.04 22.31 24.03 22.12 17.65 23.69 4.17 
19.06 22.33 24.02 22.11 17.65 23.69 4.15 
19.03 22.32 24.03 22.09 17.65 23.75 4.16 
19.08 22.31 24.01 22.11 17.63 23.71 4.15 
19.06 22.33 24.02 22.09 17.65 23.73 4.11 
19.05 22.33 24.00 22.09 17.65 23.71 4.16 
19.07 22.31 23.99 22.09 17.65 23.75 4.17 
19.09 22.29 24.00 22.09 17.65 23.70 4.13 
19.06 22.30 23.99 22.07 17.64 23.71 4.15 
19.05 22.32 24.00 22.09 17.63 23.70 4.17 
19.06 22.32 24.00 22.11 17.62 23.71 4.15 
19.07 22.31 24.00 22.12 17.63 23.71 4.12 
19.06 22.31 24.03 22.10 17.62 23.73 4.15 
19.07 22.31 24.01 22.08 17.63 23.72 4.14 
19.05 22.30 24.00 22.10 17.64 23.69 4.16 
19.05 22.32 24.01 22.08 17.66 23.72 4.13 
19.04 22.33 24.01 22.09 17.66 23.72 4.14 
19.05 22.32 24.00 22.09 17.62 23.70 4.13 
19.05 22.29 24.01 22.10 17.61 23.72 4.14 
19.05 22.33 24.04 22.08 17.64 23.70 4.14 
19.05 22.33 24.01 22.07 17.64 23.70 4.12 

19.04 22.34 24.01 22.10 17.64 23.72 4.13 
19.04 22.31 24.01 22.11 17.66 23.70 4.15 
19.06 22.29 24.02 22.12 17.63 23.71 4.14 
19.08 22.31 24.01 22.10 17.63 23.68 4.16 
19.06 22.30 24.00 22.09 17.64 23.70 4.12 
19.05 22.33 24.01 22.08 17.65 23.72 4.15 
19.05 22.30 24.01 22.13 17.66 23.71 4.15 
19.08 22.29 24.01 22.09 17.66 23.71 4.13 
19.05 22.33 24.01 22.07 17.68 23.69 4.18 
19.06 22.30 24.01 22.09 17.66 23.68 4.14 
