18.93 22.14 275.49 -999.00 -999.00 -999.00 -999.00 
18.92 22.16 275.44 -999.00 -999.00 -999.00 -999.00 
18.92 22.16 275.47 -999.00 -999.00 -999.00 -999.00 
18.91 22.16 275.43 -999.00 -999.00 -999.00 -999.00 
18.90 22.17 275.45 -999.00 -999.00 -999.00 -999.00 
18.92 22.17 275.47 -999.00 -999.00 -999.00 -999.00 
18.92 22.15 275.47 -999.00 -999.00 -999.00 -999.00 
18.90 22.12 275.47 -999.00 -999.00 -999.00 -999.00 
18.90 22.19 275.47 -999.00 -999.00 -999.00 -999.00 
18.88 22.17 275.46 -999.00 -999.00 -999.00 -999.00 
18.90 22.17 275.45 -999.00 -999.00 -999.00 -999.00 
18.90 22.16 275.47 -999.00 -999.00 -999.00 -999.00 
18.89 22.17 275.45 -999.00 -999.00 -999.00 -999.00 
18.92 22.21 275.46 -999.00 -999.00 -999.00 -999.00 
18.91 22.17 275.47 -999.00 -999.00 -999.00 -999.00 
18.92 22.16 275.46 -999.00 -999.00 -999.00 -999.00 
18.89 22.19 275.45 -999.00 -999.00 -999.00 -999.00 
18.90 22.19 275.48 -999.00 -999.00 -999.00 -999.00 
18.91 22.19 275.44 -999.00 -999.00 -999.00 -999.00 
18.93 22.15 275.47 -999.00 -999.00 -999.00 -999.00 
18.90 22.17 275.51 -999.00 -999.00 -999.00 -999.00 

18.89 22.17 275.46 -999.00 -999.00 -999.00 -999.00 
18.91 22.16 275.48 -999.00 -999.00 -999.00 -999.00 
18.91 22.19 275.47 -999.00 -999.00 -999.00 -999.00 
18.92 22.16 275.47 -999.00 -999.00 -999.00 -999.00 
18.92 22.14 275.44 -999.00 -999.00 -999.00 -999.00 
18.90 22.15 275.42 -999.00 -999.00 -999.00 -999.00 
18.93 22.18 275.48 -999.00 -999.00 -999.00 -999.00 
18.90 22.17 275.45 -999.00 -999.00 -999.00 -999.00 
18.92 22.19 275.44 -999.00 -999.00 -999.00 -999.00 
18.89 22.17 275.44 -999.00 -999.00 -999.00 -999.00 
18.90 22.17 275.47 -999.00 -999.00 -999.00 -999.00 
18.91 22.16 275.50 -999.00 -999.00 -999.00 -999.00 
18.90 22.18 275.48 -999.00 -999.00 -999.00 -999.00 
18.90 22.15 275.44 -999.00 -999.00 -999.00 -999.00 
18.93 22.16 275.51 -999.00 -999.00 -999.00 -999.00 
18.93 22.18 275.43 -999.00 -999.00 -999.00 -999.00 
18.90 22.17 275.42 -999.00 -999.00 -999.00 -999.00 
18.90 22.18 275.43 -999.00 -999.00 -999.00 -999.00 
18.92 22.17 275.45 -999.00 -999.00 -999.00 -999.00 
18.92 22.19 275.49 -999.00 -999.00 -999.00 -999.00 
18.90 22.15 275.47 -999.00 -999.00 -999.00 -999.00 
18.92 22.15 275.45 -999.00 -999.00 -999.00 -999.00 
18.91 22.20 275.48 -999.00 -999.00 -999.00 -999.00 
18.90 22.15 275.41 -999.00 -999.00 -999.00 -999.00 
18.91 22.16 275.47 -999.00 -999.00 -999.00 -999.00 
18.91 22.18 275.45 -999.00 -999.00 -999.00 -999.00 
18.92 22.16 275.46 -999.00 -999.00 -999.00 -999.00 
18.94 22.18 275.44 -999.00 -999.00 -999.00 -999.00 
18.90 22.18 275.51 -999.00 -999.00 -999.00 -999.00 
18.91 22.16 275.47 -999.00 -999.00 -999.00 -999.00 
18.92 22.18 275.45 -999.00 -999.00 -999.00 -999.00 
18.91 22.19 275.43 -999.00 -999.00 -999.00 -999.00 
18.91 22.16 275.44 -999.00 -999.00 -999.00 -999.00 
18.91 22.19 275.43 -999.00 -999.00 -999.00 -999.00 
18.92 22.16 275.49 -999.00 -999.00 -999.00 -999.00 
18.90 22.15 275.45 -999.00 -999.00 -999.00 -999.00 
18.89 22.21 275.42 -999.00 -999.00 -999.00 -999.00 
18.91 22.15 275.47 -999.00 -999.00 -999.00 -999.00 
18.90 22.17 275.43 -999.00 -999.00 -999.00 -999.00 
18.91 22.17 275.45 -999.00 -999.00 -999.00 -999.00 
18.92 22.17 275.46 -999.00 -999.00 -999.00 -999.00 
18.90 22.17 275.48 -999.00 -999.00 -999.00 -999.00 
18.89 22.17 275.46 -999.00 -999.00 -999.00 -999.00 
18.92 22.21 275.46 -999.00 -999.00 -999.00 -999.00 
18.91 22.16 275.49 -999.00 -999.00 -999.00 -999.00 
18.93 22.17 275.41 -999.00 -999.00 -999.00 -999.00 
18.93 22.14 275.47 -999.00 -999.00 -999.00 -999.00 
18.90 22.17 275.47 -999.00 -999.00 -999.00 -999.00 
18.94 22.15 275.46 -999.00 -999.00 -999.00 -999.00 
18.93 22.18 275.50 -999.00 -999.00 -999.00 -999.00 

18.92 22.18 275.49 -999.00 -999.00 -999.00 -999.00 
18.93 22.17 275.48 -999.00 -999.00 -999.00 -999.00 
18.92 22.16 275.45 -999.00 -999.00 -999.00 -999.00 
18.92 22.15 275.47 -999.00 -999.00 -999.00 -999.00 
18.89 22.18 275.44 -999.00 -999.00 -999.00 -999.00 
18.91 22.15 275.49 -999.00 -999.00 -999.00 -999.00 
18.90 22.17 275.45 -999.00 -999.00 -999.00 -999.00 
18.90 22.17 275.46 -999.00 -999.00 -999.00 -999.00 
18.92 22.19 275.43 -999.00 -999.00 -999.00 -999.00 
18.90 22.16 275.47 -999.00 -999.00 -999.00 -999.00 
18.90 22.17 275.43 -999.00 -999.00 -999.00 -999.00 
18.92 22.14 275.44 -999.00 -999.00 -999.00 -999.00 
18.91 22.16 275.42 -999.00 -999.00 -999.00 -999.00 
18.91 22.16 275.51 -999.00 -999.00 -999.00 -999.00 
18.92 22.16 275.44 -999.00 -999.00 -999.00 -999.00 
18.91 22.18 275.50 -999.00 -999.00 -999.00 -999.00 
18.92 22.17 275.49 -999.00 -999.00 -999.00 -999.00 
18.93 22.16 275.47 -999.00 -999.00 -999.00 -999.00 
18.89 22.15 275.47 -999.00 -999.00 -999.00 -999.00 
18.90 22.19 275.46 -999.00 -999.00 -999.00 -999.00 
18.91 22.16 275.44 -999.00 -999.00 -999.00 -999.00 
