19.00 22.25 23.93 2.35 -999.00 -999.00 -999.00 
19.00 22.23 23.95 2.37 -999.00 -999.00 -999.00 
18.99 22.25 23.93 2.36 -999.00 -999.00 -999.00 
18.98 22.23 23.95 2.35 -999.00 -999.00 -999.00 
19.00 22.23 23.92 2.32 -999.00 -999.00 -999.00 
18.98 22.25 23.94 2.33 -999.00 -999.00 -999.00 
18.98 22.25 23.90 2.34 -999.00 -999.00 -999.00 
19.00 22.26 23.93 2.33 -999.00 -999.00 -999.00 
18.99 22.23 23.91 2.36 -999.00 -999.00 -999.00 
18.99 22.24 23.94 2.35 -999.00 -999.00 -999.00 
18.97 22.25 23.93 2.35 -999.00 -999.00 -999.00 
18.96 22.24 23.94 2.34 -999.00 -999.00 -999.00 
18.96 22.25 23.94 2.37 -999.00 -999.00 -999.00 
19.00 22.25 23.92 2.35 -999.00 -999.00 -999.00 
18.99 22.26 23.94 2.36 -999.00 -999.00 -999.00 
19.00 22.23 23.92 2.34 -999.00 -999.00 -999.00 
18.98 22.22 23.92 2.36 -999.00 -999.00 -999.00 
18.97 22.24 23.94 2.36 -999.00 -999.00 -999.00 
19.00 22.25 23.92 2.34 -999.00 -999.00 -999.00 
18.97 22.24 23.92 2.37 -999.00 -999.00 -999.00 
19.00 22.24 23.95 2.38 -999.00 -999.00 -999.00 
18.99 22.25 23.94 2.33 -999.00 -999.00 -999.00 
18.99 22.25 23.93 2.34 -999.00 -999.00 -999.00 
18.99 22.21 23.93 2.35 -999.00 -999.00 -999.00 
18.98 22.25 23.91 2.34 -999.00 -999.00 -999.00 
18.98 22.24 23.91 2.34 -999.00 -999.00 -999.00 
18.99 22.26 23.93 2.36 -999.00 -999.00 -999.00 
18.99 22.24 23.94 2.34 -999.00 -999.00 -999.00 
18.99 22.24 23.96 2.35 -999.00 -999.00 -999.00 
18.97 22.24 23.93 2.35 -999.00 -999.00 -999.00 
19.01 22.24 23.94 2.34 -999.00 -999.00 -999.00 
19.01 22.20 23.93 2.36 -999.00 -999.00 -999.00 
18.99 22.22 23.91 2.34 -999.00 -999.00 -999.00 
18.96 22.22 23.93 2.37 -999.00 -999.00 -999.00 
18.97 22.26 23.91 2.33 -999.00 -999.00 -999.00 
18.99 22.21 23.95 2.38 -999.00 -999.00 -999.00 
18.99 22.28 23.90 2.36 -999.00 -999.00 -999.00 
19.00 22.24 23.92 2.35 -999.00 -999.00 -999.00 
18.96 22.25 23.94 2.34 -999.00 -999.00 -999.00 
18.99 22.25 23.92 2.34 -999.00 -999.00 -999.00 
18.99 22.25 23.92 2.36 -999.00 -999.00 -999.00 
18.99 22.23 23.94 2.34 -999.00 -999.00 -999.00 
18.97 22.25 23.93 2.34 -999.00 -999.00 -999.00 
18.98 22.22 23.92 2.36 -999.00 -999.00 -999.00 
18.99 22.23 23.93 2.34 -999.00 -999.00 -999.00 
18.98 22.26 23.93 2.37 -999.00 -999.00 -999.00 
18.98 22.20 23.91 2.36 -999.00 -999.00 -999.00 
18.97 22.25 23.94 2.33 -999.00 -999.00 -999.00 
18.97 22.25 23.91 2.36 -999.00 -999.00 -999.00 
19.00 22.24 23.91 2.35 -999.00 -999.00 -999.00 
18.98 22.22 23.91 2.37 -999.00 -999.00 -999.00 
