18.99 22.24 4.22 -999.00 -999.00 -999.00 -999.00 
18.99 22.22 4.21 -999.00 -999.00 -999.00 -999.00 
18.96 22.23 4.23 -999.00 -999.00 -999.00 -999.00 
18.96 22.24 4.19 -999.00 -999.00 -999.00 -999.00 
18.98 22.23 4.22 -999.00 -999.00 -999.00 -999.00 
18.98 22.21 4.22 -999.00 -999.00 -999.00 -999.00 
18.96 22.24 4.19 -999.00 -999.00 -999.00 -999.00 
18.94 22.24 4.22 -999.00 -999.00 -999.00 -999.00 
18.96 22.24 4.20 -999.00 -999.00 -999.00 -999.00 
18.97 22.21 4.21 -999.00 -999.00 -999.00 -999.00 
18.96 22.20 4.21 -999.00 -999.00 -999.00 -999.00 
18.97 22.24 4.23 -999.00 -999.00 -999.00 -999.00 
18.98 22.25 4.21 -999.00 -999.00 -999.00 -999.00 
18.98 22.23 4.19 -999.00 -999.00 -999.00 -999.00 
18.96 22.21 4.20 -999.00 -999.00 -999.00 -999.00 
18.98 22.23 4.20 -999.00 -999.00 -999.00 -999.00 
18.98 22.23 4.19 -999.00 -999.00 -999.00 -999.00 
18.97 22.23 4.21 -999.00 -999.00 -999.00 -999.00 
18.97 22.23 4.20 -999.00 -999.00 -999.00 -999.00 
18.93 22.25 4.24 -999.00 -999.00 -999.00 -999.00 
18.96 22.21 4.24 -999.00 -999.00 -999.00 -999.00 
18.94 22.23 4.22 -999.00 -999.00 -999.00 -999.00 
18.97 22.21 4.19 -999.00 -999.00 -999.00 -999.00 
18.96 22.24 4.21 -999.00 -999.00 -999.00 -999.00 
18.99 22.24 4.22 -999.00 -999.00 -999.00 -999.00 
18.96 22.23 4.22 -999.00 -999.00 -999.00 -999.00 
18.98 22.21 4.21 -999.00 -999.00 -999.00 -999.00 
18.98 22.21 4.18 -999.00 -999.00 -999.00 -999.00 
18.98 22.24 4.22 -999.00 -999.00 -999.00 -999.00 
18.96 22.21 4.21 -999.00 -999.00 -999.00 -999.00 
18.98 22.22 4.23 -999.00 -999.00 -999.00 -999.00 
18.96 22.25 4.21 -999.00 -999.00 -999.00 -999.00 
18.98 22.21 4.22 -999.00 -999.00 -999.00 -999.00 
18.98 22.25 4.21 -999.00 -999.00 -999.00 -999.00 
18.97 22.24 4.20 -999.00 -999.00 -999.00 -999.00 
18.96 22.22 4.19 -999.00 -999.00 -999.00 -999.00 
18.97 22.22 4.21 -999.00 -999.00 -999.00 -999.00 
18.99 22.23 4.19 -999.00 -999.00 -999.00 -999.00 
18.97 22.24 4.21 -999.00 -999.00 -999.00 -999.00 
18.96 22.22 4.19 -999.00 -999.00 -999.00 -999.00 
18.97 22.27 4.21 -999.00 -999.00 -999.00 -999.00 
18.99 22.22 4.21 -999.00 -999.00 -999.00 -999.00 
18.98 22.22 4.19 -999.00 -999.00 -999.00 -999.00 
18.96 22.22 4.23 -999.00 -999.00 -999.00 -999.00 
18.99 22.24 4.20 -999.00 -999.00 -999.00 -999.00 
18.97 22.23 4.21 -999.00 -999.00 -999.00 -999.00 
18.97 22.21 4.22 -999.00 -999.00 -999.00 -999.00 
18.95 22.24 4.23 -999.00 -999.00 -999.00 -999.00 
18.98 22.21 4.22 -999.00 -999.00 -999.00 -999.00 
18.99 22.19 4.24 -999.00 -999.00 -999.00 -999.00 
18.98 22.24 4.20 -999.00 -999.00 -999.00 -999.00 
18.96 22.22 4.22 -999.00 -999.00 -999.00 -999.00 
18.96 22.22 4.20 -999.00 -999.00 -999.00 -999.00 
18.99 22.21 4.20 -999.00 -999.00 -999.00 -999.00 
18.97 22.24 4.21 -999.00 -999.00 -999.00 -999.00 
18.96 22.24 4.21 -999.00 -999.00 -999.00 -999.00 
18.98 22.22 4.21 -999.00 -999.00 -999.00 -999.00 
18.95 22.21 4.20 -999.00 -999.00 -999.00 -999.00 
18.95 22.23 4.23 -999.00 -999.00 -999.00 -999.00 
18.98 22.23 4.20 -999.00 -999.00 -999.00 -999.00 
18.99 22.24 4.18 -999.00 -999.00 -999.00 -999.00 
18.97 22.22 4.21 -999.00 -999.00 -999.00 -999.00 
18.96 22.24 4.21 -999.00 -999.00 -999.00 -999.00 
18.96 22.22 4.22 -999.00 -999.00 -999.00 -999.00 
18.95 22.22 4.22 -999.00 -999.00 -999.00 -999.00 
18.95 22.21 4.21 -999.00 -999.00 -999.00 -999.00 
18.96 22.23 4.22 -999.00 -999.00 -999.00 -999.00 
18.98 22.26 4.20 -999.00 -999.00 -999.00 -999.00 
18.97 22.23 4.23 -999.00 -999.00 -999.00 -999.00 
18.97 22.21 4.20 -999.00 -999.00 -999.00 -999.00 
18.98 22.22 4.21 -999.00 -999.00 -999.00 -999.00 
18.98 22.21 4.21 -999.00 -999.00 -999.00 -999.00 
