TC_METHOD: 0 24.37 21.93 26.14 26.11 23.71 25.79 1.05 150.00 150.00 150.00 150.00 150.00 150.00 150.00 
TC_METHOD: 0 24.36 21.96 26.14 26.10 23.76 25.81 1.06 150.00 150.00 150.00 150.00 150.00 150.00 150.00 
TC_METHOD: 0 24.35 21.95 26.13 26.10 23.75 25.80 1.03 150.00 150.00 150.00 150.00 150.00 150.00 150.00 
TC_METHOD: 0 24.37 21.95 26.15 26.07 23.75 25.81 1.07 150.00 150.00 150.00 150.00 150.00 150.00 150.00 
TC_METHOD: 0 24.37 21.97 26.17 26.06 23.75 25.81 1.05 150.00 150.00 150.00 150.00 150.00 150.00 150.00 
TC_METHOD: 0 24.36 21.94 26.15 26.06 23.76 25.81 1.07 150.00 150.00 150.00 150.00 150.00 150.00 150.00 
TC_METHOD: 0 24.38 21.95 26.14 26.08 23.71 25.82 1.03 150.00 150.00 150.00 150.00 150.00 150.00 150.00 
TC_METHOD: 0 24.38 21.97 26.15 26.10 23.72 25.79 1.04 150.00 150.00 150.00 150.00 150.00 150.00 150.00 
TC_METHOD: 0 24.36 21.94 26.16 26.08 23.75 25.79 1.04 150.00 150.00 150.00 150.00 150.00 150.00 150.00 
TC_METHOD: 0 24.35 21.93 26.16 26.06 23.73 25.81 1.07 150.00 150.00 150.00 150.00 150.00 150.00 150.00 
TC_METHOD: 0 24.36 21.97 26.15 26.07 23.72 25.81 1.02 150.00 150.00 150.00 150.00 150.00 150.00 150.00 
TC_METHOD: 0 24.37 21.94 26.14 26.08 23.73 25.83 1.05 150.00 150.00 150.00 150.00 150.00 150.00 150.00 
TC_METHOD: 0 24.34 21.93 26.12 26.10 23.71 25.83 1.06 150.00 150.00 150.00 150.00 150.00 150.00 150.00 
TC_METHOD: 0 24.33 21.96 26.12 26.09 23.72 25.78 1.06 150.00 150.00 150.00 150.00 150.00 150.00 150.00 
TC_METHOD: 0 24.33 21.96 26.13 26.08 23.72 25.81 1.06 150.00 150.00 150.00 150.00 150.00 150.00 150.00 
TC_METHOD: 0 24.35 21.97 26.14 26.08 23.73 25.81 1.06 150.00 150.00 150.00 150.00 150.00 150.00 150.00 
TC_METHOD: 0 24.33 21.92 26.13 26.07 23.74 25.80 1.04 150.00 150.00 150.00 150.00 150.00 150.00 150.00 
TC_METHOD: 0 24.37 21.94 26.17 26.03 23.70 25.77 1.05 150.00 150.00 150.00 150.00 150.00 150.00 150.00 
TC_METHOD: 0 24.35 21.93 26.14 26.06 23.73 25.80 1.05 150.00 150.00 150.00 150.00 150.00 150.00 150.00 
TC_METHOD: 0 24.35 21.94 26.14 26.07 23.76 25.79 1.04 150.00 150.00 150.00 150.00 150.00 150.00 150.00 
TC_METHOD: 0 24.36 21.95 26.12 26.08 23.75 25.78 1.06 150.00 150.00 150.00 150.00 150.00 150.00 150.00 
TC_METHOD: 0 24.35 21.94 26.13 26.05 23.75 25.79 1.08 150.00 150.00 150.00 150.00 150.00 150.00 150.00 
TC_METHOD: 0 24.34 21.92 26.10 26.06 23.71 25.84 1.04 150.00 150.00 150.00 150.00 150.00 150.00 150.00 
TC_METHOD: 0 24.33 21.93 26.15 26.06 23.75 25.78 1.05 150.00 150.00 150.00 150.00 150.00 150.00 150.00 
TC_METHOD: 0 24.34 21.93 26.13 26.04 23.72 25.77 1.04 150.00 150.00 150.00 150.00 150.00 150.00 150.00 
TC_METHOD: 0 24.34 21.92 26.13 26.05 23.74 25.78 1.08 150.00 150.00 150.00 150.00 150.00 150.00 150.00 
TC_METHOD: 0 24.34 21.91 26.14 26.05 23.71 25.81 1.04 150.00 150.00 150.00 150.00 150.00 150.00 150.00 
TC_METHOD: 0 24.32 21.93 26.15 26.04 23.71 25.79 1.03 150.00 150.00 150.00 150.00 150.00 150.00 150.00 
TC_METHOD: 0 24.36 21.93 26.13 26.04 23.70 25.80 1.03 150.00 150.00 150.00 150.00 150.00 150.00 150.00 
TC_METHOD: 0 24.32 21.92 26.13 26.06 23.69 25.76 1.08 150.00 150.00 150.00 150.00 150.00 150.00 150.00 
TC_METHOD: 0 24.35 21.94 26.12 26.06 23.72 25.78 1.07 150.00 150.00 150.00 150.00 150.00 150.00 150.00 
TC_METHOD: 0 24.35 21.91 26.15 26.03 23.72 25.79 1.07 150.00 150.00 150.00 150.00 150.00 150.00 150.00 
TC_METHOD: 0 24.34 21.93 26.11 26.04 23.70 25.79 1.07 150.00 150.00 150.00 150.00 150.00 150.00 150.00 
TC_METHOD: 0 24.32 21.92 26.12 26.03 23.71 25.75 1.06 150.00 150.00 150.00 150.00 150.00 150.00 150.00 
TC_METHOD: 0 24.32 21.89 26.11 26.05 23.70 25.80 1.05 150.00 150.00 150.00 150.00 150.00 150.00 150.00 
TC_METHOD: 0 24.31 21.90 26.10 26.04 23.72 25.77 1.06 150.00 150.00 150.00 150.00 150.00 150.00 150.00 
TC_METHOD: 0 24.34 21.94 26.09 26.04 23.70 25.77 1.03 150.00 150.00 150.00 150.00 150.00 150.00 150.00 
TC_METHOD: 0 24.33 21.92 26.11 26.05 23.69 25.78 1.04 150.00 150.00 150.00 150.00 150.00 150.00 150.00 
TC_METHOD: 0 24.32 21.93 26.12 26.01 23.68 25.77 1.04 150.00 150.00 150.00 150.00 150.00 150.00 150.00 
TC_METHOD: 0 24.29 21.92 26.11 26.05 23.68 25.76 1.04 150.00 150.00 150.00 150.00 150.00 150.00 150.00 
TC_METHOD: 0 24.34 21.90 26.09 26.03 23.71 25.75 1.05 150.00 150.00 150.00 150.00 150.00 150.00 150.00 
TC_METHOD: 0 24.31 21.92 26.11 26.04 23.71 25.79 1.05 150.00 150.00 150.00 150.00 150.00 150.00 150.00 
TC_METHOD: 0 24.30 21.90 26.12 26.03 23.69 25.78 1.04 150.00 150.00 150.00 150.00 150.00 150.00 150.00 
TC_METHOD: 0 24.29 21.91 26.13 26.03 23.70 25.81 1.04 150.00 150.00 150.00 150.00 150.00 150.00 150.00 
TC_METHOD: 0 24.27 21.91 26.10 26.03 23.70 25.76 1.05 150.00 150.00 150.00 150.00 150.00 150.00 150.00 
TC_METHOD: 0 24.31 21.92 26.11 26.01 23.69 25.78 1.05 150.00 150.00 150.00 150.00 150.00 150.00 150.00 
TC_METHOD: 0 24.30 21.91 26.11 26.04 23.67 25.76 1.05 150.00 150.00 150.00 150.00 150.00 150.00 150.00 
TC_METHOD: 0 24.31 21.90 26.09 26.02 23.65 25.79 1.05 150.00 150.00 150.00 150.00 150.00 150.00 150.00 
TC_METHOD: 0 24.31 21.90 26.11 26.03 23.66 25.75 1.05 150.00 150.00 150.00 150.00 150.00 150.00 150.00 
TC_METHOD: 0 24.29 21.90 26.09 26.04 23.71 25.77 1.04 150.00 150.00 150.00 150.00 150.00 150.00 150.00 
TC_METHOD: 0 24.29 21.90 26.11 26.00 23.70 25.75 1.06 150.00 150.00 150.00 150.00 150.00 150.00 150.00 
TC_METHOD: 0 24.30 21.90 26.08 26.03 23.68 25.74 1.06 150.00 150.00 150.00 150.00 150.00 150.00 150.00 
TC_METHOD: 0 24.29 21.90 26.10 26.01 23.66 25.74 1.06 150.00 150.00 150.00 150.00 150.00 150.00 150.00 
TC_METHOD: 0 24.30 21.90 26.11 26.04 23.70 25.75 1.08 150.00 150.00 150.00 150.00 150.00 150.00 150.00 
TC_METHOD: 0 24.32 21.88 26.09 26.02 23.68 25.76 1.05 150.00 150.00 150.00 150.00 150.00 150.00 150.00 
TC_METHOD: 0 24.31 21.89 26.10 26.00 23.68 25.76 1.05 150.00 150.00 150.00 150.00 150.00 150.00 150.00 
