TC_METHOD: 0 24.19 21.78 25.97 25.87 23.57 25.67 268.61 150.00 150.00 150.00 150.00 150.00 150.00 150.00 
TC_METHOD: 0 24.20 21.77 25.97 25.90 23.54 25.66 268.69 150.00 150.00 150.00 150.00 150.00 150.00 150.00 
TC_METHOD: 0 24.20 21.78 25.94 25.88 23.54 25.63 268.61 150.00 150.00 150.00 150.00 150.00 150.00 150.00 
TC_METHOD: 0 24.16 21.79 25.95 25.88 23.54 25.62 268.64 150.00 150.00 150.00 150.00 150.00 150.00 150.00 
TC_METHOD: 0 24.19 21.75 25.95 25.87 23.55 25.66 268.64 150.00 150.00 150.00 150.00 150.00 150.00 150.00 
TC_METHOD: 0 24.18 21.77 25.96 25.87 23.56 25.65 268.60 150.00 150.00 150.00 150.00 150.00 150.00 150.00 
TC_METHOD: 0 24.18 21.80 25.98 25.92 23.54 25.64 268.66 150.00 150.00 150.00 150.00 150.00 150.00 150.00 
TC_METHOD: 0 24.16 21.77 25.97 25.88 23.54 25.64 268.64 150.00 150.00 150.00 150.00 150.00 150.00 150.00 
TC_METHOD: 0 24.16 21.77 25.94 25.88 23.55 25.62 268.64 150.00 150.00 150.00 150.00 150.00 150.00 150.00 
TC_METHOD: 0 24.14 21.76 25.98 25.90 23.54 25.63 268.68 150.00 150.00 150.00 150.00 150.00 150.00 150.00 
TC_METHOD: 0 24.15 21.76 25.95 25.88 23.54 25.61 268.61 150.00 150.00 150.00 150.00 150.00 150.00 150.00 
TC_METHOD: 0 24.15 21.79 25.94 25.88 23.56 25.62 268.62 150.00 150.00 150.00 150.00 150.00 150.00 150.00 
TC_METHOD: 0 24.15 21.75 25.94 25.88 23.55 25.64 268.63 150.00 150.00 150.00 150.00 150.00 150.00 150.00 
TC_METHOD: 0 24.14 21.76 25.92 25.90 23.53 25.60 268.65 150.00 150.00 150.00 150.00 150.00 150.00 150.00 
TC_METHOD: 0 24.17 21.74 25.96 25.88 23.59 25.60 268.62 150.00 150.00 150.00 150.00 150.00 150.00 150.00 
TC_METHOD: 0 24.17 21.74 25.93 25.88 23.55 25.61 268.67 150.00 150.00 150.00 150.00 150.00 150.00 150.00 
TC_METHOD: 0 24.16 21.75 25.95 25.88 23.53 25.62 268.66 150.00 150.00 150.00 150.00 150.00 150.00 150.00 
TC_METHOD: 0 24.17 21.73 25.96 25.90 23.58 25.62 268.66 150.00 150.00 150.00 150.00 150.00 150.00 150.00 
TC_METHOD: 0 24.17 21.74 25.94 25.88 23.52 25.59 268.61 150.00 150.00 150.00 150.00 150.00 150.00 150.00 
TC_METHOD: 0 24.16 21.74 25.97 25.87 23.56 25.61 268.69 150.00 150.00 150.00 150.00 150.00 150.00 150.00 
TC_METHOD: 0 24.16 21.73 25.93 25.89 23.52 25.62 268.61 150.00 150.00 150.00 150.00 150.00 150.00 150.00 
TC_METHOD: 0 24.15 21.73 25.92 25.88 23.52 25.59 268.60 150.00 150.00 150.00 150.00 150.00 150.00 150.00 
TC_METHOD: 0 24.17 21.75 25.92 25.85 23.52 25.58 268.59 150.00 150.00 150.00 150.00 150.00 150.00 150.00 
TC_METHOD: 0 24.15 21.74 25.91 25.87 23.54 25.60 268.66 150.00 150.00 150.00 150.00 150.00 150.00 150.00 
TC_METHOD: 0 24.15 21.71 25.94 25.84 23.53 25.57 268.63 150.00 150.00 150.00 150.00 150.00 150.00 150.00 
TC_METHOD: 0 24.17 21.75 25.96 25.86 23.52 25.62 268.63 150.00 150.00 150.00 150.00 150.00 150.00 150.00 
TC_METHOD: 0 24.15 21.75 25.94 25.88 23.53 25.60 268.64 150.00 150.00 150.00 150.00 150.00 150.00 150.00 
TC_METHOD: 0 24.15 21.74 25.94 25.87 23.54 25.59 268.59 150.00 150.00 150.00 150.00 150.00 150.00 150.00 
TC_METHOD: 0 24.16 21.74 25.95 25.85 23.53 25.61 268.69 150.00 150.00 150.00 150.00 150.00 150.00 150.00 
TC_METHOD: 0 24.15 21.75 25.94 25.85 23.53 25.61 268.57 150.00 150.00 150.00 150.00 150.00 150.00 150.00 
TC_METHOD: 0 24.12 21.77 25.93 25.88 23.53 25.61 268.63 150.00 150.00 150.00 150.00 150.00 150.00 150.00 
TC_METHOD: 0 24.13 21.72 25.92 25.85 23.54 25.63 268.63 150.00 150.00 150.00 150.00 150.00 150.00 150.00 
TC_METHOD: 0 24.14 21.73 25.94 25.85 23.50 25.60 268.68 150.00 150.00 150.00 150.00 150.00 150.00 150.00 
TC_METHOD: 0 24.12 21.72 25.94 25.87 23.52 25.59 268.62 150.00 150.00 150.00 150.00 150.00 150.00 150.00 
TC_METHOD: 0 24.14 21.75 25.95 25.88 23.49 25.60 268.57 150.00 150.00 150.00 150.00 150.00 150.00 150.00 
TC_METHOD: 0 24.14 21.71 25.93 25.86 23.51 25.62 268.59 150.00 150.00 150.00 150.00 150.00 150.00 150.00 
TC_METHOD: 0 24.15 21.73 25.90 25.86 23.50 25.59 268.60 150.00 150.00 150.00 150.00 150.00 150.00 150.00 
TC_METHOD: 0 24.12 21.73 25.93 25.87 23.51 25.60 268.64 150.00 150.00 150.00 150.00 150.00 150.00 150.00 
TC_METHOD: 0 24.17 21.75 25.94 25.84 23.52 25.59 268.55 150.00 150.00 150.00 150.00 150.00 150.00 150.00 
TC_METHOD: 0 24.13 21.73 25.92 25.84 23.52 25.62 268.65 150.00 150.00 150.00 150.00 150.00 150.00 150.00 
TC_METHOD: 0 24.13 21.72 25.91 25.85 23.51 25.58 268.63 150.00 150.00 150.00 150.00 150.00 150.00 150.00 
TC_METHOD: 0 24.12 21.71 25.94 25.83 23.51 25.59 268.64 150.00 150.00 150.00 150.00 150.00 150.00 150.00 
TC_METHOD: 0 24.11 21.73 25.91 25.84 23.51 25.58 268.65 150.00 150.00 150.00 150.00 150.00 150.00 150.00 
TC_METHOD: 0 24.14 21.72 25.92 25.84 23.50 25.58 268.63 150.00 150.00 150.00 150.00 150.00 150.00 150.00 
TC_METHOD: 0 24.11 21.71 25.94 25.84 23.52 25.54 268.64 150.00 150.00 150.00 150.00 150.00 150.00 150.00 
TC_METHOD: 0 24.13 21.74 25.93 25.86 23.52 25.59 268.68 150.00 150.00 150.00 150.00 150.00 150.00 150.00 
TC_METHOD: 0 24.12 21.71 25.91 25.87 23.48 25.60 268.60 150.00 150.00 150.00 150.00 150.00 150.00 150.00 
TC_METHOD: 0 24.12 21.72 25.92 25.86 23.48 25.58 268.62 150.00 150.00 150.00 150.00 150.00 150.00 150.00 
TC_METHOD: 0 24.14 21.75 25.92 25.85 23.51 25.58 268.59 150.00 150.00 150.00 150.00 150.00 150.00 150.00 
TC_METHOD: 0 24.15 21.73 25.91 25.83 23.47 25.59 268.61 150.00 150.00 150.00 150.00 150.00 150.00 150.00 
TC_METHOD: 0 24.15 21.68 25.90 25.85 23.50 25.59 268.62 150.00 150.00 150.00 150.00 150.00 150.00 150.00 
TC_METHOD: 0 24.12 21.71 25.92 25.84 23.53 25.56 268.64 150.00 150.00 150.00 150.00 150.00 150.00 150.00 
TC_METHOD: 0 24.11 21.71 25.89 25.84 23.50 25.58 268.61 150.00 150.00 150.00 150.00 150.00 150.00 150.00 
TC_METHOD: 0 24.10 21.72 25.90 25.84 23.49 25.56 268.62 150.00 150.00 150.00 150.00 150.00 150.00 150.00 
TC_METHOD: 0 24.12 21.73 25.90 25.85 23.50 25.55 268.63 150.00 150.00 150.00 150.00 150.00 150.00 150.00 
TC_METHOD: 0 24.10 21.71 25.92 25.84 23.51 25.57 268.56 150.00 150.00 150.00 150.00 150.00 150.00 150.00 
TC_METHOD: 0 24.10 21.72 25.89 25.83 23.49 25.57 268.59 150.00 150.00 150.00 150.00 150.00 150.00 150.00 
TC_METHOD: 0 24.14 21.73 25.89 25.83 23.48 25.56 268.60 150.00 150.00 150.00 150.00 150.00 150.00 150.00 
