TC_METHOD: 0 -0.27 260.85 44.62 44.03 41.77 43.46 43.92 150.00 150.00 150.00 150.00 150.00 150.00 150.00 
TC_METHOD: 0 -0.24 260.87 44.63 43.97 41.74 43.48 43.91 150.00 150.00 150.00 150.00 150.00 150.00 150.00 
TC_METHOD: 0 -0.28 260.85 44.61 43.94 41.79 43.45 43.95 150.00 150.00 150.00 150.00 150.00 150.00 150.00 
TC_METHOD: 0 -0.25 260.84 44.60 43.96 41.73 43.46 43.90 150.00 150.00 150.00 150.00 150.00 150.00 150.00 
TC_METHOD: 0 -0.28 260.84 44.60 43.93 41.72 43.42 43.92 150.00 150.00 150.00 150.00 150.00 150.00 150.00 
TC_METHOD: 0 -0.27 260.85 44.57 43.90 41.70 43.43 43.88 150.00 150.00 150.00 150.00 150.00 150.00 150.00 
TC_METHOD: 0 -0.28 260.82 44.58 43.94 41.72 43.40 43.89 150.00 150.00 150.00 150.00 150.00 150.00 150.00 
TC_METHOD: 0 -0.23 260.85 44.57 43.91 41.66 43.42 43.85 150.00 150.00 150.00 150.00 150.00 150.00 150.00 
TC_METHOD: 0 -0.24 260.83 44.53 43.91 41.63 43.36 43.82 150.00 150.00 150.00 150.00 150.00 150.00 150.00 
TC_METHOD: 0 -0.26 260.87 44.51 43.89 41.68 43.39 43.81 150.00 150.00 150.00 150.00 150.00 150.00 150.00 
TC_METHOD: 0 -0.27 260.88 44.50 43.86 41.67 43.35 43.80 150.00 150.00 150.00 150.00 150.00 150.00 150.00 
TC_METHOD: 0 -0.27 260.81 44.50 43.87 41.63 43.37 43.82 150.00 150.00 150.00 150.00 150.00 150.00 150.00 
TC_METHOD: 0 -0.25 260.90 44.50 43.84 41.65 43.33 43.79 150.00 150.00 150.00 150.00 150.00 150.00 150.00 
TC_METHOD: 0 -0.29 260.88 44.46 43.86 41.59 43.31 43.77 150.00 150.00 150.00 150.00 150.00 150.00 150.00 
TC_METHOD: 0 -0.26 260.91 44.47 43.83 41.62 43.30 43.77 150.00 150.00 150.00 150.00 150.00 150.00 150.00 
TC_METHOD: 0 -0.27 260.87 44.45 43.80 41.57 43.29 43.75 150.00 150.00 150.00 150.00 150.00 150.00 150.00 
TC_METHOD: 0 -0.26 260.89 44.42 43.76 41.57 43.28 43.71 150.00 150.00 150.00 150.00 150.00 150.00 150.00 
TC_METHOD: 0 -0.28 260.81 44.45 43.78 41.56 43.27 43.70 150.00 150.00 150.00 150.00 150.00 150.00 150.00 
TC_METHOD: 0 -0.24 260.85 44.40 43.73 41.56 43.25 43.70 150.00 150.00 150.00 150.00 150.00 150.00 150.00 
TC_METHOD: 0 -0.27 260.82 44.43 43.77 41.53 43.27 43.73 150.00 150.00 150.00 150.00 150.00 150.00 150.00 
TC_METHOD: 0 -0.27 260.88 44.38 43.79 41.53 43.25 43.69 150.00 150.00 150.00 150.00 150.00 150.00 150.00 
TC_METHOD: 0 -0.26 260.87 44.36 43.74 41.51 43.22 43.66 150.00 150.00 150.00 150.00 150.00 150.00 150.00 
TC_METHOD: 0 -0.29 260.83 44.36 43.77 41.51 43.20 43.65 150.00 150.00 150.00 150.00 150.00 150.00 150.00 
TC_METHOD: 0 -0.25 260.86 44.36 43.75 41.50 43.18 43.63 150.00 150.00 150.00 150.00 150.00 150.00 150.00 
TC_METHOD: 0 -0.24 260.88 44.33 43.75 41.45 43.17 43.61 150.00 150.00 150.00 150.00 150.00 150.00 150.00 
TC_METHOD: 0 -0.26 260.88 44.33 43.71 41.46 43.17 43.58 150.00 150.00 150.00 150.00 150.00 150.00 150.00 
TC_METHOD: 0 -0.27 260.86 44.32 43.73 41.43 43.14 43.63 150.00 150.00 150.00 150.00 150.00 150.00 150.00 
TC_METHOD: 0 -0.27 260.81 44.28 43.69 41.44 43.17 43.62 150.00 150.00 150.00 150.00 150.00 150.00 150.00 
TC_METHOD: 0 -0.26 260.86 44.28 43.64 41.40 43.15 43.58 150.00 150.00 150.00 150.00 150.00 150.00 150.00 
TC_METHOD: 0 -0.27 260.87 44.27 43.63 41.39 43.12 43.58 150.00 150.00 150.00 150.00 150.00 150.00 150.00 
TC_METHOD: 0 -0.26 260.82 44.25 43.66 41.41 43.10 43.57 150.00 150.00 150.00 150.00 150.00 150.00 150.00 
TC_METHOD: 0 -0.26 260.86 44.25 43.64 41.40 43.08 43.54 150.00 150.00 150.00 150.00 150.00 150.00 150.00 
TC_METHOD: 0 -0.27 260.89 44.24 43.62 41.41 43.09 43.55 150.00 150.00 150.00 150.00 150.00 150.00 150.00 
TC_METHOD: 0 -0.26 260.86 44.25 43.64 41.38 43.09 43.52 150.00 150.00 150.00 150.00 150.00 150.00 150.00 
TC_METHOD: 0 -0.26 260.84 44.26 43.60 41.36 43.09 43.52 150.00 150.00 150.00 150.00 150.00 150.00 150.00 
TC_METHOD: 0 -0.25 260.89 44.20 43.62 41.35 43.05 43.50 150.00 150.00 150.00 150.00 150.00 150.00 150.00 
TC_METHOD: 0 -0.25 260.88 44.19 43.62 41.30 43.03 43.49 150.00 150.00 150.00 150.00 150.00 150.00 150.00 
TC_METHOD: 0 -0.26 260.88 44.18 43.57 41.31 43.01 43.47 150.00 150.00 150.00 150.00 150.00 150.00 150.00 
TC_METHOD: 0 -0.28 260.86 44.20 43.57 41.32 43.00 43.46 150.00 150.00 150.00 150.00 150.00 150.00 150.00 
TC_METHOD: 0 -0.26 260.87 44.16 43.55 41.28 43.01 43.43 150.00 150.00 150.00 150.00 150.00 150.00 150.00 
TC_METHOD: 0 -0.28 260.87 44.15 43.56 41.30 43.00 43.44 150.00 150.00 150.00 150.00 150.00 150.00 150.00 
TC_METHOD: 0 -0.26 260.88 44.13 43.52 41.26 42.99 43.43 150.00 150.00 150.00 150.00 150.00 150.00 150.00 
TC_METHOD: 0 -0.28 260.88 44.12 43.52 41.24 43.00 43.42 150.00 150.00 150.00 150.00 150.00 150.00 150.00 
TC_METHOD: 0 -0.25 260.82 44.10 43.51 41.27 42.95 43.41 150.00 150.00 150.00 150.00 150.00 150.00 150.00 
TC_METHOD: 0 -0.26 260.83 44.08 43.48 41.26 42.92 43.42 150.00 150.00 150.00 150.00 150.00 150.00 150.00 
TC_METHOD: 0 -0.25 260.86 44.09 43.48 41.24 42.94 43.37 150.00 150.00 150.00 150.00 150.00 150.00 150.00 
TC_METHOD: 0 -0.26 260.83 44.03 43.41 41.22 42.93 43.36 150.00 150.00 150.00 150.00 150.00 150.00 150.00 
TC_METHOD: 0 -0.26 260.84 44.05 43.39 41.17 42.93 43.35 150.00 150.00 150.00 150.00 150.00 150.00 150.00 
TC_METHOD: 0 -0.27 260.87 44.05 43.38 41.15 42.88 43.33 150.00 150.00 150.00 150.00 150.00 150.00 150.00 
TC_METHOD: 0 -0.25 260.86 44.01 43.39 41.16 42.85 43.35 150.00 150.00 150.00 150.00 150.00 150.00 150.00 
TC_METHOD: 0 -0.25 260.90 43.99 43.40 41.16 42.90 43.31 150.00 150.00 150.00 150.00 150.00 150.00 150.00 
TC_METHOD: 0 -0.27 260.86 44.01 43.38 41.14 42.89 43.31 150.00 150.00 150.00 150.00 150.00 150.00 150.00 
TC_METHOD: 0 -0.25 260.85 43.97 43.39 41.13 42.84 43.31 150.00 150.00 150.00 150.00 150.00 150.00 150.00 
