TC_METHOD: 0 265.80 -2.52 37.86 37.34 35.16 37.00 37.20 150.00 150.00 150.00 150.00 150.00 150.00 150.00 
TC_METHOD: 0 265.80 -2.50 37.85 37.32 35.17 37.00 37.20 150.00 150.00 150.00 150.00 150.00 150.00 150.00 
TC_METHOD: 0 265.72 -2.53 37.87 37.34 35.17 37.01 37.18 150.00 150.00 150.00 150.00 150.00 150.00 150.00 
TC_METHOD: 0 265.80 -2.51 37.81 37.32 35.12 37.02 37.16 150.00 150.00 150.00 150.00 150.00 150.00 150.00 
TC_METHOD: 0 265.77 -2.52 37.81 37.31 35.13 36.97 37.13 150.00 150.00 150.00 150.00 150.00 150.00 150.00 
TC_METHOD: 0 265.77 -2.52 37.81 37.35 35.12 36.99 37.16 150.00 150.00 150.00 150.00 150.00 150.00 150.00 
TC_METHOD: 0 265.76 -2.52 37.80 37.34 35.12 36.98 37.12 150.00 150.00 150.00 150.00 150.00 150.00 150.00 
TC_METHOD: 0 265.78 -2.52 37.81 37.30 35.08 36.94 37.10 150.00 150.00 150.00 150.00 150.00 150.00 150.00 
TC_METHOD: 0 265.76 -2.51 37.77 37.31 35.09 36.96 37.13 150.00 150.00 150.00 150.00 150.00 150.00 150.00 
TC_METHOD: 0 265.75 -2.53 37.76 37.33 35.09 36.94 37.12 150.00 150.00 150.00 150.00 150.00 150.00 150.00 
TC_METHOD: 0 265.73 -2.53 37.77 37.31 35.10 36.92 37.09 150.00 150.00 150.00 150.00 150.00 150.00 150.00 
TC_METHOD: 0 265.78 -2.52 37.77 37.29 35.08 36.92 37.14 150.00 150.00 150.00 150.00 150.00 150.00 150.00 
TC_METHOD: 0 265.77 -2.53 37.76 37.33 35.06 36.98 37.09 150.00 150.00 150.00 150.00 150.00 150.00 150.00 
TC_METHOD: 0 265.73 -2.51 37.74 37.30 35.06 36.94 37.11 150.00 150.00 150.00 150.00 150.00 150.00 150.00 
TC_METHOD: 0 265.80 -2.53 37.72 37.29 35.06 36.92 37.08 150.00 150.00 150.00 150.00 150.00 150.00 150.00 
TC_METHOD: 0 265.81 -2.53 37.73 37.30 35.07 36.91 37.11 150.00 150.00 150.00 150.00 150.00 150.00 150.00 
TC_METHOD: 0 265.75 -2.51 37.74 37.28 35.02 36.90 37.09 150.00 150.00 150.00 150.00 150.00 150.00 150.00 
TC_METHOD: 0 265.74 -2.49 37.71 37.29 35.01 36.92 37.02 150.00 150.00 150.00 150.00 150.00 150.00 150.00 
TC_METHOD: 0 265.73 -2.53 37.71 37.30 35.03 36.93 37.05 150.00 150.00 150.00 150.00 150.00 150.00 150.00 
TC_METHOD: 0 265.74 -2.54 37.71 37.27 35.02 36.89 37.03 150.00 150.00 150.00 150.00 150.00 150.00 150.00 
TC_METHOD: 0 265.78 -2.51 37.69 37.25 35.01 36.88 37.00 150.00 150.00 150.00 150.00 150.00 150.00 150.00 
TC_METHOD: 0 265.79 -2.53 37.68 37.29 35.00 36.87 37.01 150.00 150.00 150.00 150.00 150.00 150.00 150.00 
TC_METHOD: 0 265.79 -2.51 37.68 37.24 34.97 36.85 37.06 150.00 150.00 150.00 150.00 150.00 150.00 150.00 
TC_METHOD: 0 265.78 -2.52 37.66 37.22 35.00 36.89 37.00 150.00 150.00 150.00 150.00 150.00 150.00 150.00 
TC_METHOD: 0 265.75 -2.53 37.67 37.24 35.01 36.85 37.02 150.00 150.00 150.00 150.00 150.00 150.00 150.00 
TC_METHOD: 0 265.73 -2.53 37.67 37.23 34.95 36.84 37.04 150.00 150.00 150.00 150.00 150.00 150.00 150.00 
TC_METHOD: 0 265.75 -2.54 37.64 37.24 34.94 36.82 36.97 150.00 150.00 150.00 150.00 150.00 150.00 150.00 
TC_METHOD: 0 265.76 -2.51 37.65 37.18 34.96 36.84 36.99 150.00 150.00 150.00 150.00 150.00 150.00 150.00 
TC_METHOD: 0 265.76 -2.51 37.65 37.20 34.97 36.84 37.01 150.00 150.00 150.00 150.00 150.00 150.00 150.00 
TC_METHOD: 0 265.73 -2.51 37.60 37.19 34.96 36.83 36.97 150.00 150.00 150.00 150.00 150.00 150.00 150.00 
TC_METHOD: 0 265.79 -2.52 37.60 37.17 34.95 36.81 37.00 150.00 150.00 150.00 150.00 150.00 150.00 150.00 
TC_METHOD: 0 265.79 -2.51 37.61 37.21 34.89 36.78 36.94 150.00 150.00 150.00 150.00 150.00 150.00 150.00 
TC_METHOD: 0 265.79 -2.49 37.61 37.14 34.90 36.76 36.97 150.00 150.00 150.00 150.00 150.00 150.00 150.00 
TC_METHOD: 0 265.80 -2.53 37.58 37.18 34.89 36.76 36.91 150.00 150.00 150.00 150.00 150.00 150.00 150.00 
TC_METHOD: 0 265.74 -2.53 37.58 37.14 34.90 36.79 36.90 150.00 150.00 150.00 150.00 150.00 150.00 150.00 
TC_METHOD: 0 265.80 -2.53 37.57 37.15 34.90 36.72 36.91 150.00 150.00 150.00 150.00 150.00 150.00 150.00 
TC_METHOD: 0 265.76 -2.53 37.59 37.13 34.89 36.77 36.91 150.00 150.00 150.00 150.00 150.00 150.00 150.00 
TC_METHOD: 0 265.75 -2.49 37.55 37.15 34.88 36.74 36.89 150.00 150.00 150.00 150.00 150.00 150.00 150.00 
TC_METHOD: 0 265.76 -2.52 37.54 37.10 34.87 36.73 36.91 150.00 150.00 150.00 150.00 150.00 150.00 150.00 
TC_METHOD: 0 265.77 -2.52 37.54 37.08 34.87 36.72 36.90 150.00 150.00 150.00 150.00 150.00 150.00 150.00 
TC_METHOD: 0 265.76 -2.52 37.55 37.09 34.86 36.73 36.84 150.00 150.00 150.00 150.00 150.00 150.00 150.00 
TC_METHOD: 0 265.70 -2.51 37.54 37.07 34.87 36.73 36.87 150.00 150.00 150.00 150.00 150.00 150.00 150.00 
TC_METHOD: 0 265.76 -2.51 37.52 37.08 34.86 36.69 36.89 150.00 150.00 150.00 150.00 150.00 150.00 150.00 
TC_METHOD: 0 265.78 -2.54 37.53 37.09 34.86 36.70 36.86 150.00 150.00 150.00 150.00 150.00 150.00 150.00 
TC_METHOD: 0 265.74 -2.48 37.52 37.06 34.81 36.68 36.86 150.00 150.00 150.00 150.00 150.00 150.00 150.00 
TC_METHOD: 0 265.75 -2.52 37.53 37.07 34.82 36.67 36.86 150.00 150.00 150.00 150.00 150.00 150.00 150.00 
TC_METHOD: 0 265.79 -2.54 37.48 37.05 34.79 36.67 36.83 150.00 150.00 150.00 150.00 150.00 150.00 150.00 
TC_METHOD: 0 265.74 -2.51 37.47 37.06 34.78 36.71 36.83 150.00 150.00 150.00 150.00 150.00 150.00 150.00 
TC_METHOD: 0 265.73 -2.53 37.48 37.06 34.79 36.66 36.83 150.00 150.00 150.00 150.00 150.00 150.00 150.00 
TC_METHOD: 0 265.75 -2.50 37.46 37.02 34.78 36.66 36.84 150.00 150.00 150.00 150.00 150.00 150.00 150.00 
TC_METHOD: 0 265.73 -2.52 37.46 37.03 34.79 36.67 36.82 150.00 150.00 150.00 150.00 150.00 150.00 150.00 
TC_METHOD: 0 265.77 -2.53 37.48 36.98 34.76 36.67 36.77 150.00 150.00 150.00 150.00 150.00 150.00 150.00 
TC_METHOD: 0 265.81 -2.53 37.46 37.01 34.77 36.64 36.77 150.00 150.00 150.00 150.00 150.00 150.00 150.00 
TC_METHOD: 0 265.75 -2.50 37.47 37.00 34.76 36.64 36.81 150.00 150.00 150.00 150.00 150.00 150.00 150.00 
TC_METHOD: 0 265.78 -2.50 37.44 37.02 34.72 36.61 36.75 150.00 150.00 150.00 150.00 150.00 150.00 150.00 
TC_METHOD: 0 265.75 -2.50 37.42 36.98 34.75 36.61 36.77 150.00 150.00 150.00 150.00 150.00 150.00 150.00 
TC_METHOD: 0 265.80 -2.52 37.43 37.00 34.74 36.62 36.75 150.00 150.00 150.00 150.00 150.00 150.00 150.00 
