TC_METHOD: 0 29.03 26.66 1.29 268.91 28.49 30.43 30.42 150.00 150.00 150.00 150.00 150.00 150.00 150.00 
TC_METHOD: 0 29.06 26.65 1.29 269.00 28.46 30.44 30.42 150.00 150.00 150.00 150.00 150.00 150.00 150.00 
TC_METHOD: 0 29.04 26.66 1.31 268.98 28.45 30.47 30.42 150.00 150.00 150.00 150.00 150.00 150.00 150.00 
TC_METHOD: 0 29.04 26.65 1.29 268.95 28.48 30.47 30.39 150.00 150.00 150.00 150.00 150.00 150.00 150.00 
TC_METHOD: 0 29.01 26.67 1.30 269.02 28.48 30.43 30.40 150.00 150.00 150.00 150.00 150.00 150.00 150.00 
TC_METHOD: 0 29.04 26.66 1.29 268.99 28.49 30.43 30.37 150.00 150.00 150.00 150.00 150.00 150.00 150.00 
TC_METHOD: 0 29.01 26.65 1.29 268.97 28.44 30.45 30.36 150.00 150.00 150.00 150.00 150.00 150.00 150.00 
TC_METHOD: 0 29.00 26.63 1.30 269.00 28.45 30.43 30.36 150.00 150.00 150.00 150.00 150.00 150.00 150.00 
TC_METHOD: 0 28.98 26.65 1.30 269.00 28.47 30.44 30.39 150.00 150.00 150.00 150.00 150.00 150.00 150.00 
TC_METHOD: 0 29.01 26.63 1.29 268.96 28.46 30.44 30.36 150.00 150.00 150.00 150.00 150.00 150.00 150.00 
TC_METHOD: 0 28.98 26.67 1.28 268.99 28.43 30.46 30.38 150.00 150.00 150.00 150.00 150.00 150.00 150.00 
TC_METHOD: 0 28.99 26.62 1.27 268.96 28.43 30.42 30.39 150.00 150.00 150.00 150.00 150.00 150.00 150.00 
TC_METHOD: 0 29.00 26.61 1.30 269.00 28.44 30.41 30.34 150.00 150.00 150.00 150.00 150.00 150.00 150.00 
TC_METHOD: 0 28.99 26.63 1.27 268.97 28.43 30.40 30.36 150.00 150.00 150.00 150.00 150.00 150.00 150.00 
TC_METHOD: 0 28.97 26.60 1.29 268.92 28.43 30.40 30.38 150.00 150.00 150.00 150.00 150.00 150.00 150.00 
TC_METHOD: 0 28.98 26.60 1.30 268.98 28.45 30.41 30.33 150.00 150.00 150.00 150.00 150.00 150.00 150.00 
TC_METHOD: 0 28.97 26.62 1.27 268.95 28.42 30.36 30.38 150.00 150.00 150.00 150.00 150.00 150.00 150.00 
TC_METHOD: 0 28.99 26.60 1.29 268.98 28.43 30.39 30.33 150.00 150.00 150.00 150.00 150.00 150.00 150.00 
TC_METHOD: 0 28.97 26.60 1.25 269.01 28.43 30.40 30.34 150.00 150.00 150.00 150.00 150.00 150.00 150.00 
TC_METHOD: 0 28.94 26.61 1.26 269.02 28.45 30.38 30.32 150.00 150.00 150.00 150.00 150.00 150.00 150.00 
TC_METHOD: 0 28.96 26.58 1.28 269.01 28.44 30.38 30.33 150.00 150.00 150.00 150.00 150.00 150.00 150.00 
TC_METHOD: 0 28.95 26.60 1.27 268.98 28.40 30.41 30.31 150.00 150.00 150.00 150.00 150.00 150.00 150.00 
TC_METHOD: 0 28.93 26.58 1.28 268.94 28.39 30.40 30.33 150.00 150.00 150.00 150.00 150.00 150.00 150.00 
TC_METHOD: 0 28.97 26.59 1.30 269.01 28.39 30.41 30.33 150.00 150.00 150.00 150.00 150.00 150.00 150.00 
TC_METHOD: 0 28.96 26.56 1.27 269.01 28.43 30.37 30.31 150.00 150.00 150.00 150.00 150.00 150.00 150.00 
TC_METHOD: 0 28.92 26.58 1.30 268.98 28.38 30.37 30.34 150.00 150.00 150.00 150.00 150.00 150.00 150.00 
TC_METHOD: 0 28.94 26.57 1.32 268.92 28.38 30.34 30.30 150.00 150.00 150.00 150.00 150.00 150.00 150.00 
TC_METHOD: 0 28.91 26.58 1.30 269.01 28.37 30.35 30.30 150.00 150.00 150.00 150.00 150.00 150.00 150.00 
TC_METHOD: 0 28.94 26.54 1.29 268.98 28.38 30.36 30.30 150.00 150.00 150.00 150.00 150.00 150.00 150.00 
TC_METHOD: 0 28.93 26.53 1.28 268.96 28.35 30.35 30.33 150.00 150.00 150.00 150.00 150.00 150.00 150.00 
TC_METHOD: 0 28.94 26.53 1.29 268.98 28.40 30.36 30.29 150.00 150.00 150.00 150.00 150.00 150.00 150.00 
TC_METHOD: 0 28.88 26.54 1.28 268.96 28.37 30.35 30.29 150.00 150.00 150.00 150.00 150.00 150.00 150.00 
TC_METHOD: 0 28.91 26.56 1.29 268.98 28.38 30.35 30.28 150.00 150.00 150.00 150.00 150.00 150.00 150.00 
TC_METHOD: 0 28.90 26.56 1.31 268.97 28.35 30.35 30.26 150.00 150.00 150.00 150.00 150.00 150.00 150.00 
TC_METHOD: 0 28.91 26.54 1.26 268.98 28.39 30.34 30.30 150.00 150.00 150.00 150.00 150.00 150.00 150.00 
TC_METHOD: 0 28.90 26.54 1.30 269.00 28.37 30.30 30.27 150.00 150.00 150.00 150.00 150.00 150.00 150.00 
TC_METHOD: 0 28.92 26.51 1.28 268.96 28.36 30.35 30.27 150.00 150.00 150.00 150.00 150.00 150.00 150.00 
TC_METHOD: 0 28.90 26.51 1.32 268.97 28.35 30.33 30.27 150.00 150.00 150.00 150.00 150.00 150.00 150.00 
TC_METHOD: 0 28.87 26.50 1.28 269.01 28.36 30.31 30.27 150.00 150.00 150.00 150.00 150.00 150.00 150.00 
TC_METHOD: 0 28.88 26.52 1.27 268.97 28.32 30.34 30.28 150.00 150.00 150.00 150.00 150.00 150.00 150.00 
TC_METHOD: 0 28.88 26.48 1.29 269.01 28.34 30.29 30.23 150.00 150.00 150.00 150.00 150.00 150.00 150.00 
TC_METHOD: 0 28.89 26.50 1.30 269.00 28.36 30.32 30.29 150.00 150.00 150.00 150.00 150.00 150.00 150.00 
TC_METHOD: 0 28.89 26.52 1.32 268.97 28.35 30.32 30.25 150.00 150.00 150.00 150.00 150.00 150.00 150.00 
TC_METHOD: 0 28.87 26.49 1.27 268.99 28.32 30.31 30.25 150.00 150.00 150.00 150.00 150.00 150.00 150.00 
TC_METHOD: 0 28.87 26.50 1.30 268.99 28.32 30.28 30.23 150.00 150.00 150.00 150.00 150.00 150.00 150.00 
TC_METHOD: 0 28.87 26.51 1.29 269.01 28.34 30.28 30.22 150.00 150.00 150.00 150.00 150.00 150.00 150.00 
TC_METHOD: 0 28.86 26.48 1.27 268.95 28.31 30.28 30.25 150.00 150.00 150.00 150.00 150.00 150.00 150.00 
TC_METHOD: 0 28.86 26.52 1.29 268.99 28.32 30.34 30.25 150.00 150.00 150.00 150.00 150.00 150.00 150.00 
TC_METHOD: 0 28.87 26.51 1.29 269.01 28.32 30.30 30.27 150.00 150.00 150.00 150.00 150.00 150.00 150.00 
TC_METHOD: 0 28.84 26.48 1.28 268.90 28.30 30.33 30.22 150.00 150.00 150.00 150.00 150.00 150.00 150.00 
TC_METHOD: 0 28.83 26.49 1.29 269.00 28.30 30.30 30.25 150.00 150.00 150.00 150.00 150.00 150.00 150.00 
TC_METHOD: 0 28.86 26.48 1.30 269.02 28.33 30.30 30.24 150.00 150.00 150.00 150.00 150.00 150.00 150.00 
TC_METHOD: 0 28.83 26.51 1.30 268.98 28.33 30.32 30.24 150.00 150.00 150.00 150.00 150.00 150.00 150.00 
TC_METHOD: 0 28.84 26.47 1.27 268.97 28.30 30.29 30.21 150.00 150.00 150.00 150.00 150.00 150.00 150.00 
TC_METHOD: 0 28.83 26.45 1.29 269.05 28.27 30.25 30.24 150.00 150.00 150.00 150.00 150.00 150.00 150.00 
TC_METHOD: 0 28.82 26.49 1.28 268.98 28.31 30.25 30.22 150.00 150.00 150.00 150.00 150.00 150.00 150.00 
TC_METHOD: 0 28.83 26.49 1.29 268.98 28.30 30.27 30.19 150.00 150.00 150.00 150.00 150.00 150.00 150.00 
TC_METHOD: 0 28.84 26.45 1.28 269.01 28.27 30.28 30.23 150.00 150.00 150.00 150.00 150.00 150.00 150.00 
TC_METHOD: 0 28.84 26.49 1.28 268.99 28.31 30.26 30.23 150.00 150.00 150.00 150.00 150.00 150.00 150.00 
TC_METHOD: 0 28.83 26.48 1.29 268.98 28.31 30.27 30.21 150.00 150.00 150.00 150.00 150.00 150.00 150.00 
TC_METHOD: 0 28.82 26.46 1.30 268.99 28.31 30.27 30.18 150.00 150.00 150.00 150.00 150.00 150.00 150.00 
TC_METHOD: 0 28.80 26.47 1.29 268.97 28.29 30.24 30.22 150.00 150.00 150.00 150.00 150.00 150.00 150.00 
TC_METHOD: 0 28.79 26.45 1.30 268.96 28.28 30.26 30.18 150.00 150.00 150.00 150.00 150.00 150.00 150.00 
TC_METHOD: 0 28.81 26.44 1.30 268.97 28.28 30.25 30.19 150.00 150.00 150.00 150.00 150.00 150.00 150.00 
TC_METHOD: 0 28.79 26.44 1.28 268.95 28.26 30.24 30.17 150.00 150.00 150.00 150.00 150.00 150.00 150.00 
TC_METHOD: 0 28.81 26.45 1.30 269.04 28.26 30.24 30.19 150.00 150.00 150.00 150.00 150.00 150.00 150.00 
TC_METHOD: 0 28.80 26.44 1.29 268.98 28.25 30.23 30.19 150.00 150.00 150.00 150.00 150.00 150.00 150.00 
TC_METHOD: 0 28.78 26.41 1.28 268.95 28.27 30.24 30.18 150.00 150.00 150.00 150.00 150.00 150.00 150.00 
TC_METHOD: 0 28.82 26.43 1.28 268.99 28.24 30.24 30.17 150.00 150.00 150.00 150.00 150.00 150.00 150.00 
