TC_METHOD: 0 28.09 25.73 269.13 1.20 27.52 29.50 29.44 150.00 150.00 150.00 150.00 150.00 150.00 150.00 
TC_METHOD: 0 28.10 25.72 269.11 1.23 27.49 29.49 29.40 150.00 150.00 150.00 150.00 150.00 150.00 150.00 
TC_METHOD: 0 28.09 25.72 269.12 1.23 27.49 29.51 29.37 150.00 150.00 150.00 150.00 150.00 150.00 150.00 
TC_METHOD: 0 28.07 25.71 269.06 1.22 27.48 29.47 29.41 150.00 150.00 150.00 150.00 150.00 150.00 150.00 
TC_METHOD: 0 28.10 25.71 269.13 1.22 27.51 29.47 29.39 150.00 150.00 150.00 150.00 150.00 150.00 150.00 
TC_METHOD: 0 28.08 25.73 269.08 1.25 27.49 29.49 29.42 150.00 150.00 150.00 150.00 150.00 150.00 150.00 
TC_METHOD: 0 28.06 25.69 269.08 1.21 27.50 29.47 29.41 150.00 150.00 150.00 150.00 150.00 150.00 150.00 
TC_METHOD: 0 28.10 25.68 269.10 1.22 27.46 29.51 29.43 150.00 150.00 150.00 150.00 150.00 150.00 150.00 
TC_METHOD: 0 28.08 25.72 269.02 1.24 27.47 29.50 29.41 150.00 150.00 150.00 150.00 150.00 150.00 150.00 
TC_METHOD: 0 28.07 25.69 269.12 1.21 27.48 29.46 29.43 150.00 150.00 150.00 150.00 150.00 150.00 150.00 
TC_METHOD: 0 28.09 25.73 269.10 1.22 27.47 29.45 29.43 150.00 150.00 150.00 150.00 150.00 150.00 150.00 
TC_METHOD: 0 28.05 25.69 269.08 1.22 27.52 29.47 29.40 150.00 150.00 150.00 150.00 150.00 150.00 150.00 
TC_METHOD: 0 28.05 25.70 269.11 1.21 27.49 29.45 29.42 150.00 150.00 150.00 150.00 150.00 150.00 150.00 
TC_METHOD: 0 28.01 25.71 269.15 1.21 27.50 29.49 29.40 150.00 150.00 150.00 150.00 150.00 150.00 150.00 
TC_METHOD: 0 28.02 25.71 269.05 1.23 27.49 29.43 29.41 150.00 150.00 150.00 150.00 150.00 150.00 150.00 
TC_METHOD: 0 28.02 25.69 269.18 1.23 27.47 29.47 29.41 150.00 150.00 150.00 150.00 150.00 150.00 150.00 
TC_METHOD: 0 28.03 25.70 269.11 1.22 27.43 29.46 29.39 150.00 150.00 150.00 150.00 150.00 150.00 150.00 
TC_METHOD: 0 28.02 25.69 269.07 1.22 27.46 29.46 29.38 150.00 150.00 150.00 150.00 150.00 150.00 150.00 
TC_METHOD: 0 28.03 25.67 269.12 1.23 27.49 29.48 29.39 150.00 150.00 150.00 150.00 150.00 150.00 150.00 
TC_METHOD: 0 28.04 25.66 269.08 1.21 27.47 29.45 29.39 150.00 150.00 150.00 150.00 150.00 150.00 150.00 
TC_METHOD: 0 28.05 25.67 269.07 1.21 27.46 29.49 29.36 150.00 150.00 150.00 150.00 150.00 150.00 150.00 
TC_METHOD: 0 28.04 25.67 269.08 1.23 27.44 29.44 29.38 150.00 150.00 150.00 150.00 150.00 150.00 150.00 
TC_METHOD: 0 28.04 25.63 269.15 1.21 27.45 29.41 29.37 150.00 150.00 150.00 150.00 150.00 150.00 150.00 
TC_METHOD: 0 28.01 25.66 269.10 1.22 27.47 29.45 29.38 150.00 150.00 150.00 150.00 150.00 150.00 150.00 
TC_METHOD: 0 28.03 25.66 269.09 1.23 27.43 29.44 29.36 150.00 150.00 150.00 150.00 150.00 150.00 150.00 
TC_METHOD: 0 28.01 25.64 269.04 1.23 27.44 29.46 29.33 150.00 150.00 150.00 150.00 150.00 150.00 150.00 
TC_METHOD: 0 28.02 25.64 269.12 1.23 27.43 29.44 29.37 150.00 150.00 150.00 150.00 150.00 150.00 150.00 
TC_METHOD: 0 28.01 25.67 269.07 1.23 27.45 29.42 29.33 150.00 150.00 150.00 150.00 150.00 150.00 150.00 
TC_METHOD: 0 28.00 25.63 269.09 1.23 27.43 29.47 29.33 150.00 150.00 150.00 150.00 150.00 150.00 150.00 
TC_METHOD: 0 28.01 25.66 269.08 1.21 27.44 29.43 29.36 150.00 150.00 150.00 150.00 150.00 150.00 150.00 
TC_METHOD: 0 28.00 25.64 269.09 1.22 27.46 29.38 29.34 150.00 150.00 150.00 150.00 150.00 150.00 150.00 
TC_METHOD: 0 27.96 25.65 269.09 1.23 27.40 29.42 29.34 150.00 150.00 150.00 150.00 150.00 150.00 150.00 
TC_METHOD: 0 28.00 25.64 269.08 1.20 27.41 29.39 29.36 150.00 150.00 150.00 150.00 150.00 150.00 150.00 
TC_METHOD: 0 27.96 25.64 269.14 1.25 27.42 29.37 29.33 150.00 150.00 150.00 150.00 150.00 150.00 150.00 
TC_METHOD: 0 28.00 25.64 269.06 1.25 27.42 29.38 29.34 150.00 150.00 150.00 150.00 150.00 150.00 150.00 
TC_METHOD: 0 28.00 25.65 269.17 1.23 27.43 29.39 29.33 150.00 150.00 150.00 150.00 150.00 150.00 150.00 
TC_METHOD: 0 27.94 25.64 269.16 1.23 27.43 29.37 29.32 150.00 150.00 150.00 150.00 150.00 150.00 150.00 
TC_METHOD: 0 27.99 25.60 269.11 1.24 27.41 29.38 29.32 150.00 150.00 150.00 150.00 150.00 150.00 150.00 
TC_METHOD: 0 27.97 25.59 269.05 1.25 27.39 29.37 29.32 150.00 150.00 150.00 150.00 150.00 150.00 150.00 
TC_METHOD: 0 27.97 25.62 269.08 1.23 27.40 29.39 29.35 150.00 150.00 150.00 150.00 150.00 150.00 150.00 
TC_METHOD: 0 27.98 25.63 269.12 1.20 27.38 29.36 29.33 150.00 150.00 150.00 150.00 150.00 150.00 150.00 
TC_METHOD: 0 27.94 25.61 269.12 1.24 27.40 29.34 29.32 150.00 150.00 150.00 150.00 150.00 150.00 150.00 
TC_METHOD: 0 28.00 25.61 269.06 1.24 27.38 29.36 29.31 150.00 150.00 150.00 150.00 150.00 150.00 150.00 
TC_METHOD: 0 27.96 25.61 269.13 1.23 27.40 29.36 29.31 150.00 150.00 150.00 150.00 150.00 150.00 150.00 
TC_METHOD: 0 27.96 25.60 269.09 1.23 27.36 29.34 29.30 150.00 150.00 150.00 150.00 150.00 150.00 150.00 
TC_METHOD: 0 27.94 25.60 269.13 1.23 27.38 29.36 29.32 150.00 150.00 150.00 150.00 150.00 150.00 150.00 
TC_METHOD: 0 27.95 25.57 269.16 1.20 27.36 29.35 29.29 150.00 150.00 150.00 150.00 150.00 150.00 150.00 
TC_METHOD: 0 27.94 25.57 269.07 1.20 27.38 29.37 29.28 150.00 150.00 150.00 150.00 150.00 150.00 150.00 
TC_METHOD: 0 27.93 25.59 269.13 1.22 27.37 29.36 29.30 150.00 150.00 150.00 150.00 150.00 150.00 150.00 
TC_METHOD: 0 27.95 25.57 269.11 1.22 27.35 29.37 29.28 150.00 150.00 150.00 150.00 150.00 150.00 150.00 
TC_METHOD: 0 27.94 25.60 269.13 1.21 27.35 29.38 29.28 150.00 150.00 150.00 150.00 150.00 150.00 150.00 
TC_METHOD: 0 27.90 25.61 269.12 1.23 27.38 29.36 29.27 150.00 150.00 150.00 150.00 150.00 150.00 150.00 
TC_METHOD: 0 27.94 25.57 269.08 1.21 27.38 29.33 29.26 150.00 150.00 150.00 150.00 150.00 150.00 150.00 
TC_METHOD: 0 27.97 25.56 269.11 1.26 27.35 29.36 29.26 150.00 150.00 150.00 150.00 150.00 150.00 150.00 
TC_METHOD: 0 27.92 25.58 269.09 1.23 27.34 29.33 29.26 150.00 150.00 150.00 150.00 150.00 150.00 150.00 
TC_METHOD: 0 27.93 25.58 269.12 1.23 27.36 29.36 29.26 150.00 150.00 150.00 150.00 150.00 150.00 150.00 
TC_METHOD: 0 27.91 25.56 269.13 1.22 27.36 29.33 29.27 150.00 150.00 150.00 150.00 150.00 150.00 150.00 
TC_METHOD: 0 27.91 25.56 269.14 1.24 27.34 29.33 29.25 150.00 150.00 150.00 150.00 150.00 150.00 150.00 
TC_METHOD: 0 27.92 25.58 269.11 1.22 27.34 29.32 29.29 150.00 150.00 150.00 150.00 150.00 150.00 150.00 
TC_METHOD: 0 27.95 25.54 269.10 1.21 27.32 29.32 29.27 150.00 150.00 150.00 150.00 150.00 150.00 150.00 
TC_METHOD: 0 27.91 25.56 269.10 1.20 27.32 29.32 29.25 150.00 150.00 150.00 150.00 150.00 150.00 150.00 
TC_METHOD: 0 27.91 25.55 269.08 1.23 27.35 29.30 29.25 150.00 150.00 150.00 150.00 150.00 150.00 150.00 
TC_METHOD: 0 27.88 25.55 269.13 1.22 27.33 29.35 29.22 150.00 150.00 150.00 150.00 150.00 150.00 150.00 
TC_METHOD: 0 27.90 25.54 269.13 1.25 27.33 29.32 29.24 150.00 150.00 150.00 150.00 150.00 150.00 150.00 
TC_METHOD: 0 27.91 25.53 269.11 1.21 27.32 29.28 29.23 150.00 150.00 150.00 150.00 150.00 150.00 150.00 
