TC_METHOD: 0 26.50 24.11 28.37 28.24 -0.75 268.69 27.82 150.00 150.00 150.00 150.00 150.00 150.00 150.00 
TC_METHOD: 0 26.52 24.08 28.34 28.26 -0.71 268.60 27.76 150.00 150.00 150.00 150.00 150.00 150.00 150.00 
TC_METHOD: 0 26.50 24.11 28.36 28.26 -0.74 268.65 27.73 150.00 150.00 150.00 150.00 150.00 150.00 150.00 
TC_METHOD: 0 26.49 24.11 28.34 28.25 -0.73 268.66 27.78 150.00 150.00 150.00 150.00 150.00 150.00 150.00 
TC_METHOD: 0 26.49 24.12 28.34 28.27 -0.75 268.63 27.75 150.00 150.00 150.00 150.00 150.00 150.00 150.00 
TC_METHOD: 0 26.49 24.08 28.35 28.25 -0.74 268.70 27.73 150.00 150.00 150.00 150.00 150.00 150.00 150.00 
TC_METHOD: 0 26.49 24.09 28.35 28.23 -0.76 268.61 27.79 150.00 150.00 150.00 150.00 150.00 150.00 150.00 
TC_METHOD: 0 26.50 24.10 28.34 28.25 -0.75 268.73 27.79 150.00 150.00 150.00 150.00 150.00 150.00 150.00 
TC_METHOD: 0 26.47 24.10 28.33 28.23 -0.72 268.67 27.77 150.00 150.00 150.00 150.00 150.00 150.00 150.00 
TC_METHOD: 0 26.49 24.10 28.33 28.22 -0.71 268.73 27.75 150.00 150.00 150.00 150.00 150.00 150.00 150.00 
TC_METHOD: 0 26.48 24.12 28.32 28.23 -0.73 268.70 27.72 150.00 150.00 150.00 150.00 150.00 150.00 150.00 
TC_METHOD: 0 26.47 24.10 28.33 28.25 -0.73 268.66 27.79 150.00 150.00 150.00 150.00 150.00 150.00 150.00 
TC_METHOD: 0 26.47 24.11 28.33 28.24 -0.75 268.63 27.75 150.00 150.00 150.00 150.00 150.00 150.00 150.00 
TC_METHOD: 0 26.47 24.08 28.33 28.24 -0.75 268.68 27.72 150.00 150.00 150.00 150.00 150.00 150.00 150.00 
TC_METHOD: 0 26.48 24.09 28.33 28.25 -0.72 268.61 27.75 150.00 150.00 150.00 150.00 150.00 150.00 150.00 
TC_METHOD: 0 26.47 24.09 28.30 28.21 -0.74 268.66 27.72 150.00 150.00 150.00 150.00 150.00 150.00 150.00 
TC_METHOD: 0 26.45 24.08 28.33 28.22 -0.77 268.64 27.75 150.00 150.00 150.00 150.00 150.00 150.00 150.00 
TC_METHOD: 0 26.46 24.08 28.29 28.22 -0.75 268.66 27.76 150.00 150.00 150.00 150.00 150.00 150.00 150.00 
TC_METHOD: 0 26.46 24.08 28.31 28.24 -0.75 268.65 27.75 150.00 150.00 150.00 150.00 150.00 150.00 150.00 
TC_METHOD: 0 26.47 24.10 28.32 28.22 -0.74 268.63 27.75 150.00 150.00 150.00 150.00 150.00 150.00 150.00 
TC_METHOD: 0 26.46 24.07 28.29 28.21 -0.74 268.62 27.72 150.00 150.00 150.00 150.00 150.00 150.00 150.00 
TC_METHOD: 0 26.44 24.06 28.32 28.20 -0.72 268.60 27.75 150.00 150.00 150.00 150.00 150.00 150.00 150.00 
TC_METHOD: 0 26.45 24.07 28.31 28.19 -0.73 268.65 27.75 150.00 150.00 150.00 150.00 150.00 150.00 150.00 
TC_METHOD: 0 26.47 24.08 28.29 28.20 -0.73 268.72 27.72 150.00 150.00 150.00 150.00 150.00 150.00 150.00 
TC_METHOD: 0 26.42 24.08 28.31 28.22 -0.74 268.63 27.72 150.00 150.00 150.00 150.00 150.00 150.00 150.00 
TC_METHOD: 0 26.46 24.06 28.32 28.20 -0.72 268.63 27.72 150.00 150.00 150.00 150.00 150.00 150.00 150.00 
TC_METHOD: 0 26.44 24.07 28.29 28.19 -0.75 268.70 27.71 150.00 150.00 150.00 150.00 150.00 150.00 150.00 
TC_METHOD: 0 26.44 24.07 28.27 28.18 -0.75 268.65 27.69 150.00 150.00 150.00 150.00 150.00 150.00 150.00 
TC_METHOD: 0 26.44 24.07 28.28 28.20 -0.73 268.66 27.73 150.00 150.00 150.00 150.00 150.00 150.00 150.00 
TC_METHOD: 0 26.42 24.06 28.31 28.24 -0.74 268.66 27.73 150.00 150.00 150.00 150.00 150.00 150.00 150.00 
TC_METHOD: 0 26.42 24.08 28.29 28.17 -0.75 268.72 27.72 150.00 150.00 150.00 150.00 150.00 150.00 150.00 
TC_METHOD: 0 26.42 24.01 28.31 28.20 -0.75 268.71 27.74 150.00 150.00 150.00 150.00 150.00 150.00 150.00 
TC_METHOD: 0 26.42 24.04 28.28 28.18 -0.74 268.75 27.70 150.00 150.00 150.00 150.00 150.00 150.00 150.00 
TC_METHOD: 0 26.45 24.05 28.25 28.18 -0.74 268.69 27.71 150.00 150.00 150.00 150.00 150.00 150.00 150.00 
TC_METHOD: 0 26.41 24.02 28.29 28.19 -0.74 268.61 27.70 150.00 150.00 150.00 150.00 150.00 150.00 150.00 
TC_METHOD: 0 26.41 24.04 28.29 28.18 -0.75 268.67 27.69 150.00 150.00 150.00 150.00 150.00 150.00 150.00 
TC_METHOD: 0 26.43 24.07 28.29 28.17 -0.75 268.68 27.73 150.00 150.00 150.00 150.00 150.00 150.00 150.00 
TC_METHOD: 0 26.39 24.02 28.27 28.16 -0.73 268.65 27.70 150.00 150.00 150.00 150.00 150.00 150.00 150.00 
TC_METHOD: 0 26.38 24.02 28.27 28.17 -0.76 268.64 27.68 150.00 150.00 150.00 150.00 150.00 150.00 150.00 
TC_METHOD: 0 26.40 24.02 28.28 28.15 -0.74 268.65 27.68 150.00 150.00 150.00 150.00 150.00 150.00 150.00 
TC_METHOD: 0 26.40 23.99 28.27 28.15 -0.75 268.67 27.69 150.00 150.00 150.00 150.00 150.00 150.00 150.00 
TC_METHOD: 0 26.40 24.03 28.25 28.15 -0.76 268.65 27.71 150.00 150.00 150.00 150.00 150.00 150.00 150.00 
TC_METHOD: 0 26.42 24.00 28.27 28.17 -0.72 268.67 27.68 150.00 150.00 150.00 150.00 150.00 150.00 150.00 
TC_METHOD: 0 26.42 24.00 28.26 28.19 -0.76 268.71 27.68 150.00 150.00 150.00 150.00 150.00 150.00 150.00 
TC_METHOD: 0 26.39 24.02 28.25 28.17 -0.75 268.65 27.67 150.00 150.00 150.00 150.00 150.00 150.00 150.00 
TC_METHOD: 0 26.39 24.00 28.24 28.14 -0.77 268.68 27.65 150.00 150.00 150.00 150.00 150.00 150.00 150.00 
TC_METHOD: 0 26.40 24.02 28.25 28.16 -0.75 268.67 27.66 150.00 150.00 150.00 150.00 150.00 150.00 150.00 
TC_METHOD: 0 26.41 24.02 28.26 28.16 -0.76 268.61 27.69 150.00 150.00 150.00 150.00 150.00 150.00 150.00 
TC_METHOD: 0 26.36 23.99 28.26 28.15 -0.75 268.70 27.68 150.00 150.00 150.00 150.00 150.00 150.00 150.00 
TC_METHOD: 0 26.39 24.03 28.24 28.14 -0.76 268.69 27.67 150.00 150.00 150.00 150.00 150.00 150.00 150.00 
TC_METHOD: 0 26.41 24.01 28.22 28.16 -0.72 268.64 27.66 150.00 150.00 150.00 150.00 150.00 150.00 150.00 
TC_METHOD: 0 26.40 24.00 28.25 28.13 -0.74 268.62 27.72 150.00 150.00 150.00 150.00 150.00 150.00 150.00 
TC_METHOD: 0 26.39 24.01 28.27 28.11 -0.74 268.70 27.66 150.00 150.00 150.00 150.00 150.00 150.00 150.00 
TC_METHOD: 0 26.37 24.00 28.25 28.11 -0.74 268.67 27.66 150.00 150.00 150.00 150.00 150.00 150.00 150.00 
