TC_METHOD: 0 25.83 23.41 27.67 27.58 264.72 1.07 27.09 150.00 150.00 150.00 150.00 150.00 150.00 150.00 
TC_METHOD: 0 25.86 23.45 27.66 27.56 264.72 1.10 27.10 150.00 150.00 150.00 150.00 150.00 150.00 150.00 
TC_METHOD: 0 25.81 23.42 27.67 27.57 264.76 1.06 27.09 150.00 150.00 150.00 150.00 150.00 150.00 150.00 
TC_METHOD: 0 25.83 23.42 27.63 27.57 264.70 1.08 27.13 150.00 150.00 150.00 150.00 150.00 150.00 150.00 
TC_METHOD: 0 25.81 23.43 27.66 27.55 264.70 1.07 27.09 150.00 150.00 150.00 150.00 150.00 150.00 150.00 
TC_METHOD: 0 25.83 23.41 27.64 27.54 264.77 1.10 27.09 150.00 150.00 150.00 150.00 150.00 150.00 150.00 
TC_METHOD: 0 25.82 23.43 27.66 27.56 264.67 1.04 27.11 150.00 150.00 150.00 150.00 150.00 150.00 150.00 
TC_METHOD: 0 25.85 23.44 27.64 27.56 264.70 1.07 27.12 150.00 150.00 150.00 150.00 150.00 150.00 150.00 
TC_METHOD: 0 25.82 23.42 27.64 27.53 264.73 1.08 27.08 150.00 150.00 150.00 150.00 150.00 150.00 150.00 
TC_METHOD: 0 25.82 23.43 27.64 27.55 264.70 1.06 27.09 150.00 150.00 150.00 150.00 150.00 150.00 150.00 
TC_METHOD: 0 25.86 23.40 27.68 27.55 264.72 1.07 27.10 150.00 150.00 150.00 150.00 150.00 150.00 150.00 
TC_METHOD: 0 25.80 23.41 27.63 27.56 264.73 1.09 27.08 150.00 150.00 150.00 150.00 150.00 150.00 150.00 
TC_METHOD: 0 25.82 23.41 27.63 27.54 264.68 1.06 27.08 150.00 150.00 150.00 150.00 150.00 150.00 150.00 
TC_METHOD: 0 25.80 23.41 27.62 27.56 264.71 1.08 27.06 150.00 150.00 150.00 150.00 150.00 150.00 150.00 
TC_METHOD: 0 25.80 23.43 27.62 27.55 264.70 1.07 27.05 150.00 150.00 150.00 150.00 150.00 150.00 150.00 
TC_METHOD: 0 25.81 23.40 27.63 27.53 264.68 1.08 27.08 150.00 150.00 150.00 150.00 150.00 150.00 150.00 
TC_METHOD: 0 25.80 23.42 27.62 27.54 264.70 1.09 27.08 150.00 150.00 150.00 150.00 150.00 150.00 150.00 
TC_METHOD: 0 25.79 23.40 27.64 27.55 264.71 1.05 27.07 150.00 150.00 150.00 150.00 150.00 150.00 150.00 
TC_METHOD: 0 25.79 23.39 27.64 27.55 264.72 1.09 27.06 150.00 150.00 150.00 150.00 150.00 150.00 150.00 
TC_METHOD: 0 25.80 23.38 27.66 27.53 264.69 1.08 27.09 150.00 150.00 150.00 150.00 150.00 150.00 150.00 
TC_METHOD: 0 25.79 23.40 27.61 27.55 264.70 1.10 27.08 150.00 150.00 150.00 150.00 150.00 150.00 150.00 
TC_METHOD: 0 25.78 23.41 27.60 27.52 264.72 1.08 27.07 150.00 150.00 150.00 150.00 150.00 150.00 150.00 
TC_METHOD: 0 25.78 23.42 27.62 27.56 264.72 1.05 27.05 150.00 150.00 150.00 150.00 150.00 150.00 150.00 
TC_METHOD: 0 25.81 23.37 27.63 27.55 264.65 1.11 27.06 150.00 150.00 150.00 150.00 150.00 150.00 150.00 
TC_METHOD: 0 25.79 23.42 27.64 27.52 264.68 1.07 27.06 150.00 150.00 150.00 150.00 150.00 150.00 150.00 
TC_METHOD: 0 25.77 23.39 27.58 27.54 264.65 1.07 27.03 150.00 150.00 150.00 150.00 150.00 150.00 150.00 
TC_METHOD: 0 25.80 23.39 27.62 27.54 264.71 1.08 27.06 150.00 150.00 150.00 150.00 150.00 150.00 150.00 
TC_METHOD: 0 25.79 23.37 27.61 27.54 264.69 1.08 27.08 150.00 150.00 150.00 150.00 150.00 150.00 150.00 
TC_METHOD: 0 25.77 23.40 27.62 27.54 264.71 1.09 27.08 150.00 150.00 150.00 150.00 150.00 150.00 150.00 
TC_METHOD: 0 25.78 23.36 27.59 27.51 264.71 1.07 27.05 150.00 150.00 150.00 150.00 150.00 150.00 150.00 
TC_METHOD: 0 25.79 23.40 27.59 27.50 264.65 1.07 27.04 150.00 150.00 150.00 150.00 150.00 150.00 150.00 
TC_METHOD: 0 25.76 23.40 27.60 27.54 264.71 1.08 27.05 150.00 150.00 150.00 150.00 150.00 150.00 150.00 
TC_METHOD: 0 25.77 23.38 27.59 27.49 264.66 1.06 27.06 150.00 150.00 150.00 150.00 150.00 150.00 150.00 
TC_METHOD: 0 25.78 23.39 27.63 27.50 264.79 1.08 27.01 150.00 150.00 150.00 150.00 150.00 150.00 150.00 
TC_METHOD: 0 25.78 23.38 27.59 27.51 264.71 1.10 27.03 150.00 150.00 150.00 150.00 150.00 150.00 150.00 
TC_METHOD: 0 25.75 23.40 27.59 27.49 264.70 1.05 27.03 150.00 150.00 150.00 150.00 150.00 150.00 150.00 
TC_METHOD: 0 25.75 23.36 27.60 27.50 264.68 1.10 27.08 150.00 150.00 150.00 150.00 150.00 150.00 150.00 
TC_METHOD: 0 25.76 23.35 27.61 27.49 264.69 1.09 27.07 150.00 150.00 150.00 150.00 150.00 150.00 150.00 
TC_METHOD: 0 25.79 23.38 27.57 27.52 264.73 1.09 26.99 150.00 150.00 150.00 150.00 150.00 150.00 150.00 
TC_METHOD: 0 25.77 23.35 27.60 27.50 264.68 1.07 27.02 150.00 150.00 150.00 150.00 150.00 150.00 150.00 
TC_METHOD: 0 25.76 23.38 27.59 27.52 264.71 1.07 27.02 150.00 150.00 150.00 150.00 150.00 150.00 150.00 
TC_METHOD: 0 25.73 23.36 27.58 27.49 264.71 1.06 27.04 150.00 150.00 150.00 150.00 150.00 150.00 150.00 
TC_METHOD: 0 25.76 23.34 27.58 27.50 264.75 1.06 26.99 150.00 150.00 150.00 150.00 150.00 150.00 150.00 
TC_METHOD: 0 25.74 23.36 27.57 27.48 264.75 1.06 27.03 150.00 150.00 150.00 150.00 150.00 150.00 150.00 
TC_METHOD: 0 25.77 23.38 27.59 27.47 264.70 1.05 27.03 150.00 150.00 150.00 150.00 150.00 150.00 150.00 
TC_METHOD: 0 25.77 23.36 27.59 27.50 264.75 1.09 27.00 150.00 150.00 150.00 150.00 150.00 150.00 150.00 
TC_METHOD: 0 25.74 23.33 27.60 27.47 264.69 1.08 27.03 150.00 150.00 150.00 150.00 150.00 150.00 150.00 
TC_METHOD: 0 25.73 23.36 27.60 27.48 264.69 1.10 27.01 150.00 150.00 150.00 150.00 150.00 150.00 150.00 
TC_METHOD: 0 25.73 23.35 27.57 27.48 264.70 1.08 27.03 150.00 150.00 150.00 150.00 150.00 150.00 150.00 
TC_METHOD: 0 25.74 23.36 27.59 27.48 264.75 1.08 26.96 150.00 150.00 150.00 150.00 150.00 150.00 150.00 
TC_METHOD: 0 25.74 23.33 27.56 27.48 264.72 1.08 26.98 150.00 150.00 150.00 150.00 150.00 150.00 150.00 
TC_METHOD: 0 25.72 23.33 27.58 27.48 264.73 1.08 26.99 150.00 150.00 150.00 150.00 150.00 150.00 150.00 
TC_METHOD: 0 25.75 23.35 27.54 27.47 264.69 1.06 27.00 150.00 150.00 150.00 150.00 150.00 150.00 150.00 
TC_METHOD: 0 25.75 23.34 27.60 27.46 264.66 1.10 27.03 150.00 150.00 150.00 150.00 150.00 150.00 150.00 
TC_METHOD: 0 25.75 23.34 27.57 27.48 264.72 1.07 27.00 150.00 150.00 150.00 150.00 150.00 150.00 150.00 
TC_METHOD: 0 25.72 23.34 27.59 27.49 264.73 1.08 27.03 150.00 150.00 150.00 150.00 150.00 150.00 150.00 
TC_METHOD: 0 25.72 23.33 27.55 27.48 264.71 1.07 26.99 150.00 150.00 150.00 150.00 150.00 150.00 150.00 
