26.424805 40.00000015932 15932
27.631836 40.00000014604 14604
29.555664 40.00000012488 12488
31.906250 40.0000009903 9903
34.359375 40.0000007204 7204
36.715820 40.0000004612 4612
38.835938 40.0000002280 2280
40.510742 40.000000438 438
41.645508 40.0000000 0
42.282227 40.0000000 0
42.473633 40.0000000 0
42.277344 40.0000000 0
41.912109 40.0000000 0
41.376953 40.0000000 0
40.753906 40.000000170 170
40.075195 40.000000917 917
39.398438 40.0000001661 1661
38.818359 40.0000002299 2299
38.301758 40.0000002868 2868
37.993164 40.0000003207 3207
37.751953 40.0000003472 3472
37.670898 40.0000003562 3562
37.683594 40.0000003548 3548
37.827148 40.0000003390 3390
38.024414 40.0000003173 3173
38.226563 40.0000002950 2950
38.450195 40.0000002704 2704
38.630859 40.0000002506 2506
38.811523 40.0000002307 2307
38.973633 40.0000002129 2129
39.038086 40.0000002058 2058
39.094727 40.0000001995 1995
39.088867 40.0000002002 2002
39.085938 40.0000002005 2005
39.022461 40.0000002075 2075

38.972656 40.0000002130 2130
38.906250 40.0000002203 2203
38.883789 40.0000002227 2227
38.856445 40.0000002257 2257
38.852539 40.0000002262 2262
38.863281 40.0000002250 2250
38.845703 40.0000002269 2269
38.820313 40.0000002297 2297
38.776367 40.0000002345 2345
38.743164 40.0000002382 2382
38.800781 40.0000002319 2319
38.793945 40.0000002326 2326
38.841797 40.0000002274 2274
38.897461 40.0000002212 2212
38.921875 40.0000002185 2185
38.995117 40.0000002105 2105
39.085938 40.0000002005 2005
39.141602 40.0000001944 1944
39.175781 40.0000001906 1906
39.205078 40.0000001874 1874
39.166016 40.0000001917 1917
39.154297 40.0000001930 1930
39.081055 40.0000002010 2010
39.043945 40.0000002051 2051
38.982422 40.0000002119 2119
38.958008 40.0000002146 2146
38.931641 40.0000002175 2175
38.929688 40.0000002177 2177
38.935547 40.0000002170 2170
38.909180 40.0000002199 2199
38.943359 40.0000002162 2162
39.009766 40.0000002089 2089
39.085938 40.0000002005 2005
39.167969 40.0000001915 1915
39.196289 40.0000001884 1884
39.260742 40.0000001813 1813
39.265625 40.0000001807 1807
39.326172 40.0000001741 1741
39.317383 40.0000001750 1750
39.353516 40.0000001711 1711
39.375000 40.0000001687 1687
39.378906 40.0000001683 1683
39.342773 40.0000001722 1722
39.295898 40.0000001774 1774
39.244141 40.0000001831 1831
39.198242 40.0000001881 1881
39.177734 40.0000001904 1904
39.149414 40.0000001935 1935
39.128906 40.0000001958 1958
39.110352 40.0000001978 1978
39.141602 40.0000001944 1944
39.150391 40.0000001934 1934
39.188477 40.0000001892 1892
39.235352 40.0000001841 1841
39.236328 40.0000001840 1840
39.233398 40.0000001843 1843
39.280273 40.0000001791 1791
39.336914 40.0000001729 1729
39.378906 40.0000001683 1683
39.416992 40.0000001641 1641
39.429688 40.0000001627 1627
39.429688 40.0000001627 1627
39.421875 40.0000001635 1635
39.344727 40.0000001720 1720
39.347656 40.0000001717 1717
39.317383 40.0000001750 1750
39.288086 40.0000001783 1783
39.288086 40.0000001783 1783
39.251953 40.0000001822 1822
39.269531 40.0000001803 1803
39.236328 40.0000001840 1840
39.237305 40.0000001838 1838
39.211914 40.0000001866 1866
39.203125 40.0000001876 1876
39.193359 40.0000001887 1887
39.202148 40.0000001877 1877
39.222656 40.0000001855 1855
39.215820 40.0000001862 1862
39.168945 40.0000001914 1914
39.164063 40.0000001919 1919
39.131836 40.0000001954 1954
39.185547 40.0000001895 1895
39.185547 40.0000001895 1895
39.213867 40.0000001864 1864
39.240234 40.0000001835 1835
39.301758 40.0000001768 1768
39.310547 40.0000001758 1758
39.352539 40.0000001712 1712
39.376953 40.0000001685 1685
39.385742 40.0000001675 1675
39.395508 40.0000001664 1664
39.425781 40.0000001631 1631
39.414063 40.0000001644 1644
39.450195 40.0000001604 1604
39.438477 40.0000001617 1617
39.473633 40.0000001579 1579
39.503906 40.0000001545 1545
39.520508 40.0000001527 1527
39.533203 40.0000001513 1513
39.533203 40.0000001513 1513
39.510742 40.0000001538 1538
39.465820 40.0000001587 1587
39.471680 40.0000001581 1581
39.484375 40.0000001567 1567
39.505859 40.0000001543 1543
39.550781 40.0000001494 1494
39.542969 40.0000001502 1502
39.558594 40.0000001485 1485
39.584961 40.0000001456 1456
39.611328 40.0000001427 1427
39.635742 40.0000001400 1400
39.645508 40.0000001389 1389
39.686523 40.0000001344 1344
39.727539 40.0000001299 1299
39.740234 40.0000001285 1285
39.742188 40.0000001283 1283
39.696289 40.0000001334 1334
39.716797 40.0000001311 1311
39.677734 40.0000001354 1354
39.652344 40.0000001382 1382
39.601563 40.0000001438 1438
39.558594 40.0000001485 1485
39.549805 40.0000001495 1495
39.559570 40.0000001484 1484
39.576172 40.0000001466 1466
39.605469 40.0000001433 1433
39.637695 40.0000001398 1398
39.611328 40.0000001427 1427
39.592773 40.0000001447 1447
39.588867 40.0000001452 1452
39.551758 40.0000001493 1493
39.561523 40.0000001482 1482
39.564453 40.0000001479 1479
39.584961 40.0000001456 1456
39.654297 40.0000001380 1380
39.705078 40.0000001324 1324
39.740234 40.0000001285 1285
39.751953 40.0000001272 1272
39.785156 40.0000001236 1236
39.770508 40.0000001252 1252
39.775391 40.0000001247 1247
39.756836 40.0000001267 1267
39.752930 40.0000001271 1271
39.691406 40.0000001339 1339
39.675781 40.0000001356 1356
39.663086 40.0000001370 1370
39.626953 40.0000001410 1410
39.652344 40.0000001382 1382
39.666016 40.0000001367 1367
39.726563 40.0000001300 1300
39.738281 40.0000001287 1287
39.808594 40.0000001210 1210
39.775391 40.0000001247 1247
39.804688 40.0000001214 1214
39.787109 40.0000001234 1234
39.798828 40.0000001221 1221
39.742188 40.0000001283 1283
39.716797 40.0000001311 1311
39.738281 40.0000001287 1287
39.739258 40.0000001286 1286
39.689453 40.0000001341 1341
39.663086 40.0000001370 1370
39.654297 40.0000001380 1380
39.625000 40.0000001412 1412
39.553711 40.0000001490 1490
39.573242 40.0000001469 1469
39.558594 40.0000001485 1485
39.622070 40.0000001415 1415
39.666992 40.0000001366 1366
39.730469 40.0000001296 1296
39.743164 40.0000001282 1282
39.800781 40.0000001219 1219
39.833008 40.0000001183 1183
39.846680 40.0000001168 1168
39.787109 40.0000001234 1234
39.794922 40.0000001225 1225
39.775391 40.0000001247 1247
39.742188 40.0000001283 1283
39.702148 40.0000001327 1327
39.716797 40.0000001311 1311
39.725586 40.0000001301 1301
39.786133 40.0000001235 1235
39.807617 40.0000001211 1211
39.864258 40.0000001149 1149
39.876953 40.0000001135 1135
39.916992 40.0000001091 1091
39.915039 40.0000001093 1093
39.904297 40.0000001105 1105
39.875977 40.0000001136 1136
39.830078 40.0000001186 1186
39.803711 40.0000001215 1215
39.803711 40.0000001215 1215
39.788086 40.0000001233 1233
39.783203 40.0000001238 1238
39.625000 40.0000001412 1412
39.472656 40.0000001580 1580
39.468750 40.0000001584 1584
39.550781 40.0000001494 1494
39.645508 40.0000001389 1389
39.773438 40.0000001249 1249
39.880859 40.0000001131 1131
39.977539 40.0000001024 1024
39.996094 40.0000001004 1004
40.014648 40.000000983 983
40.058594 40.000000935 935
40.073242 40.000000919 919
40.073242 40.000000919 919
40.112305 40.000000876 876
40.113281 40.000000875 875
40.086914 40.000000904 904
40.017578 40.000000980 980
39.944336 40.0000001061 1061
39.888672 40.0000001122 1122
39.838867 40.0000001177 1177
39.791016 40.0000001229 1229
39.769531 40.0000001253 1253
39.828125 40.0000001189 1189
39.793945 40.0000001226 1226
39.851563 40.0000001163 1163
39.912109 40.0000001096 1096
39.945313 40.0000001060 1060
39.925781 40.0000001081 1081
39.963867 40.0000001039 1039
39.970703 40.0000001032 1032
39.998047 40.0000001002 1002
40.048828 40.000000946 946
40.052734 40.000000941 941
40.032227 40.000000964 964
40.015625 40.000000982 982
39.998047 40.0000001002 1002
39.920898 40.0000001087 1087
39.893555 40.0000001117 1117
39.847656 40.0000001167 1167
39.786133 40.0000001235 1235
39.743164 40.0000001282 1282
39.710938 40.0000001317 1317
39.710938 40.0000001317 1317
39.753906 40.0000001270 1270
39.808594 40.0000001210 1210
39.891602 40.0000001119 1119
39.955078 40.0000001049 1049
40.074219 40.000000918 918

40.130859 40.000000856 856
40.183594 40.000000798 798
40.229492 40.000000747 747
40.244141 40.000000731 731
40.186523 40.000000794 794
40.176758 40.000000805 805
40.082031 40.000000909 909
40.043945 40.000000951 951
39.937500 40.0000001068 1068
39.864258 40.0000001149 1149
39.842773 40.0000001172 1172
39.781250 40.0000001240 1240
39.745117 40.0000001280 1280
39.673828 40.0000001358 1358
39.661133 40.0000001372 1372
39.661133 40.0000001372 1372
39.708008 40.0000001321 1321
39.786133 40.0000001235 1235
39.922852 40.0000001084 1084
40.013672 40.000000984 984
40.099609 40.000000890 890
40.173828 40.000000808 808
40.208008 40.000000771 771
40.192383 40.000000788 788
40.185547 40.000000795 795
40.192383 40.000000788 788
40.152344 40.000000832 832
40.100586 40.000000889 889
40.080078 40.000000911 911
40.013672 40.000000984 984
39.954102 40.0000001050 1050
39.923828 40.0000001083 1083
39.916992 40.0000001091 1091
39.934570 40.0000001071 1071
39.953125 40.0000001051 1051
39.963867 40.0000001039 1039
40.001953 40.000000997 997
40.052734 40.000000941 941
40.074219 40.000000918 918
40.118164 40.000000870 870
40.114258 40.000000874 874
40.088867 40.000000902 902
40.088867 40.000000902 902
40.076172 40.000000916 916
40.013672 40.000000984 984
40.001953 40.000000997 997
39.950195 40.0000001054 1054
39.874023 40.0000001138 1138
39.808594 40.0000001210 1210
39.788086 40.0000001233 1233
39.790039 40.0000001230 1230
39.813477 40.0000001205 1205
39.891602 40.0000001119 1119
39.929688 40.0000001077 1077
39.990234 40.0000001010 1010
40.017578 40.000000980 980
40.057617 40.000000936 936
40.069336 40.000000923 923
40.053711 40.000000940 940
40.031250 40.000000965 965
39.972656 40.0000001030 1030
39.955078 40.0000001049 1049
39.910156 40.0000001098 1098
39.895508 40.0000001114 1114
39.881836 40.0000001129 1129
39.890625 40.0000001120 1120
39.918945 40.0000001089 1089
39.970703 40.0000001032 1032
40.041992 40.000000953 953
40.076172 40.000000916 916
40.062500 40.000000931 931
40.073242 40.000000919 919
40.035156 40.000000961 961
40.020508 40.000000977 977
40.000977 40.000000998 998
39.955078 40.0000001049 1049
39.961914 40.0000001041 1041
39.984375 40.0000001017 1017
39.997070 40.0000001003 1003
40.047852 40.000000947 947
40.069336 40.000000923 923
40.066406 40.000000926 926
40.121094 40.000000866 866
40.119141 40.000000868 868

40.143555 40.000000842 842
40.109375 40.000000879 879
40.065430 40.000000928 928
40.057617 40.000000936 936
40.052734 40.000000941 941
40.011719 40.000000987 987
39.967773 40.0000001035 1035
39.951172 40.0000001053 1053
39.924805 40.0000001082 1082
39.944336 40.0000001061 1061
39.947266 40.0000001058 1058
40.011719 40.000000987 987
40.080078 40.000000911 911
40.097656 40.000000892 892
40.126953 40.000000860 860
40.167969 40.000000815 815
40.208008 40.000000771 771
40.152344 40.000000832 832
40.160156 40.000000823 823
40.157227 40.000000827 827
40.174805 40.000000807 807
40.164063 40.000000819 819
40.155273 40.000000829 829
40.113281 40.000000875 875
40.126953 40.000000860 860
40.075195 40.000000917 917
40.032227 40.000000964 964
40.037109 40.000000959 959
40.015625 40.000000982 982
40.004883 40.000000994 994
40.023438 40.000000974 974
40.031250 40.000000965 965
40.060547 40.000000933 933
40.109375 40.000000879 879
40.140625 40.000000845 845
40.174805 40.000000807 807
40.167969 40.000000815 815
40.108398 40.000000880 880
40.073242 40.000000919 919
40.001953 40.000000997 997
40.037109 40.000000959 959
40.008789 40.000000990 990
39.985352 40.0000001016 1016
39.934570 40.0000001071 1071
39.990234 40.0000001010 1010
39.996094 40.0000001004 1004
40.018555 40.000000979 979
40.066406 40.000000926 926
40.121094 40.000000866 866
40.199219 40.000000780 780
40.256836 40.000000717 717
40.259766 40.000000714 714
40.285156 40.000000686 686
40.282227 40.000000689 689
40.282227 40.000000689 689
40.260742 40.000000713 713
40.271484 40.000000701 701
40.235352 40.000000741 741
40.212891 40.000000765 765
40.177734 40.000000804 804
40.192383 40.000000788 788
40.140625 40.000000845 845
40.123047 40.000000864 864
40.104492 40.000000885 885
40.066406 40.000000926 926
40.028320 40.000000968 968
40.013672 40.000000984 984
40.017578 40.000000980 980
40.010742 40.000000988 988
40.056641 40.000000937 937
40.119141 40.000000868 868
40.122070 40.000000865 865
40.140625 40.000000845 845
40.121094 40.000000866 866
40.105469 40.000000883 883
40.069336 40.000000923 923
40.053711 40.000000940 940
40.080078 40.000000911 911
40.060547 40.000000933 933
40.125000 40.000000862 862
40.130859 40.000000856 856
40.167969 40.000000815 815
40.181641 40.000000800 800
40.232422 40.000000744 744
40.230469 40.000000746 746
40.232422 40.000000744 744
40.241211 40.000000734 734
40.220703 40.000000757 757
40.178711 40.000000803 803
40.140625 40.000000845 845
40.139648 40.000000846 846
40.101563 40.000000888 888
40.097656 40.000000892 892
40.069336 40.000000923 923
40.044922 40.000000950 950
40.006836 40.000000992 992
40.023438 40.000000974 974
39.997070 40.0000001003 1003
40.005859 40.000000993 993
39.983398 40.0000001018 1018
40.008789 40.000000990 990
40.033203 40.000000963 963
40.090820 40.000000900 900
40.176758 40.000000805 805
40.200195 40.000000779 779
40.258789 40.000000715 715
40.303711 40.000000665 665
40.284180 40.000000687 687
40.284180 40.000000687 687
40.201172 40.000000778 778
40.110352 40.000000878 878
40.027344 40.000000969 969
39.910156 40.0000001098 1098
39.763672 40.0000001259 1259
39.725586 40.0000001301 1301
39.738281 40.0000001287 1287
39.770508 40.0000001252 1252
39.725586 40.0000001301 1301
39.766602 40.0000001256 1256
39.875977 40.0000001136 1136
39.997070 40.0000001003 1003
40.134766 40.000000851 851
40.221680 40.000000756 756
40.298828 40.000000671 671
40.344727 40.000000620 620
40.357422 40.000000606 606
40.301758 40.000000668 668
40.251953 40.000000722 722
40.153320 40.000000831 831
40.122070 40.000000865 865
40.041992 40.000000953 953
39.955078 40.0000001049 1049
39.984375 40.0000001017 1017
40.006836 40.000000992 992
40.013672 40.000000984 984
40.039063 40.000000957 957
40.122070 40.000000865 865
40.187500 40.000000793 793
40.222656 40.000000755 755
40.262695 40.000000711 711
40.273438 40.000000699 699
40.256836 40.000000717 717
40.285156 40.000000686 686
40.247070 40.000000728 728
40.282227 40.000000689 689
40.289063 40.000000682 682
40.230469 40.000000746 746
40.212891 40.000000765 765
40.205078 40.000000774 774
40.149414 40.000000835 835
40.182617 40.000000799 799
40.140625 40.000000845 845
40.152344 40.000000832 832
40.152344 40.000000832 832
40.146484 40.000000838 838
40.118164 40.000000870 870
40.143555 40.000000842 842
40.119141 40.000000868 868
40.125977 40.000000861 861
40.157227 40.000000827 827
40.200195 40.000000779 779
40.230469 40.000000746 746
40.268555 40.000000704 704
40.289063 40.000000682 682
40.294922 40.000000675 675
40.292969 40.000000677 677
40.318359 40.000000649 649
40.299805 40.000000670 670
40.267578 40.000000705 705
40.234375 40.000000742 742
40.172852 40.000000809 809
40.069336 40.000000923 923
39.992188 40.0000001008 1008
39.951172 40.0000001053 1053
39.974609 40.0000001027 1027
40.018555 40.000000979 979
40.094727 40.000000895 895
40.134766 40.000000851 851
40.208008 40.000000771 771
40.268555 40.000000704 704
40.302734 40.000000666 666
40.308594 40.000000660 660
40.310547 40.000000658 658
40.286133 40.000000685 685
40.256836 40.000000717 717
40.191406 40.000000789 789
40.127930 40.000000859 859
40.039063 40.000000957 957
40.008789 40.000000990 990
39.993164 40.0000001007 1007
39.979492 40.0000001022 1022
40.045898 40.000000949 949
40.063477 40.000000930 930
40.138672 40.000000847 847
40.194336 40.000000786 786
40.318359 40.000000649 649
40.286133 40.000000685 685
40.312500 40.000000656 656
40.307617 40.000000661 661
40.290039 40.000000680 680
40.263672 40.000000709 709
40.178711 40.000000803 803
40.135742 40.000000850 850
40.071289 40.000000921 921
40.039063 40.000000957 957
39.993164 40.0000001007 1007
39.985352 40.0000001016 1016
39.998047 40.0000001002 1002
40.022461 40.000000975 975
40.066406 40.000000926 926
40.151367 40.000000833 833
40.225586 40.000000751 751
40.297852 40.000000672 672
40.333008 40.000000633 633
40.371094 40.000000591 591
40.329102 40.000000637 637
40.351563 40.000000613 613
40.336914 40.000000629 629
40.346680 40.000000618 618
40.296875 40.000000673 673
40.280273 40.000000691 691
40.221680 40.000000756 756
40.134766 40.000000851 851
40.062500 40.000000931 931
40.013672 40.000000984 984
40.023438 40.000000974 974
39.965820 40.0000001037 1037
40.000977 40.000000998 998
40.020508 40.000000977 977
40.094727 40.000000895 895
40.136719 40.000000849 849
40.195313 40.000000785 785
40.273438 40.000000699 699
40.305664 40.000000663 663
40.298828 40.000000671 671
40.294922 40.000000675 675
40.253906 40.000000720 720
40.229492 40.000000747 747
40.190430 40.000000790 790
40.114258 40.000000874 874
40.076172 40.000000916 916
40.090820 40.000000900 900
40.083984 40.000000907 907
40.079102 40.000000912 912
40.076172 40.000000916 916
40.067383 40.000000925 925
40.155273 40.000000829 829
40.149414 40.000000835 835
40.172852 40.000000809 809
40.201172 40.000000778 778
40.230469 40.000000746 746
40.237305 40.000000738 738
40.201172 40.000000778 778
40.133789 40.000000852 852
40.178711 40.000000803 803
40.121094 40.000000866 866
40.131836 40.000000854 854
40.162109 40.000000821 821
40.226563 40.000000750 750
40.282227 40.000000689 689
40.333008 40.000000633 633
40.345703 40.000000619 619
40.401367 40.000000558 558
40.417969 40.000000540 540
40.423828 40.000000533 533
40.423828 40.000000533 533
40.453125 40.000000501 501
40.416016 40.000000542 542
40.384766 40.000000576 576
40.333984 40.000000632 632
40.246094 40.000000729 729
40.178711 40.000000803 803
40.094727 40.000000895 895
40.040039 40.000000955 955
39.985352 40.0000001016 1016
39.949219 40.0000001055 1055
39.979492 40.0000001022 1022
40.033203 40.000000963 963
40.092773 40.000000897 897
40.151367 40.000000833 833
40.225586 40.000000751 751
40.282227 40.000000689 689
40.310547 40.000000658 658
40.330078 40.000000636 636
40.387695 40.000000573 573
40.366211 40.000000597 597
40.394531 40.000000566 566
40.362305 40.000000601 601
40.385742 40.000000575 575
40.367188 40.000000596 596
40.378906 40.000000583 583
40.364258 40.000000599 599
40.397461 40.000000562 562
40.392578 40.000000568 568
40.378906 40.000000583 583
40.376953 40.000000585 585
40.388672 40.000000572 572
40.387695 40.000000573 573
40.424805 40.000000532 532
40.409180 40.000000549 549
40.355469 40.000000608 608
40.394531 40.000000566 566
40.380859 40.000000581 581
40.373047 40.000000589 589
40.370117 40.000000592 592
40.350586 40.000000614 614
40.396484 40.000000563 563
40.404297 40.000000555 555
40.397461 40.000000562 562
40.393555 40.000000567 567
40.406250 40.000000553 553
40.297852 40.000000672 672
40.284180 40.000000687 687
40.176758 40.000000805 805
40.110352 40.000000878 878
40.041992 40.000000953 953
40.024414 40.000000973 973
39.992188 40.0000001008 1008
39.988281 40.0000001012 1012
39.987305 40.0000001013 1013
40.024414 40.000000973 973
40.066406 40.000000926 926
40.146484 40.000000838 838
40.203125 40.000000776 776
40.253906 40.000000720 720
40.290039 40.000000680 680
40.328125 40.000000639 639
40.370117 40.000000592 592
40.373047 40.000000589 589
40.342773 40.000000622 622
40.383789 40.000000577 577
40.333984 40.000000632 632
40.280273 40.000000691 691

40.205078 40.000000774 774
40.135742 40.000000850 850
40.100586 40.000000889 889
40.054688 40.000000939 939
40.015625 40.000000982 982
40.039063 40.000000957 957
40.036133 40.000000960 960
40.036133 40.000000960 960
40.049805 40.000000945 945
40.040039 40.000000955 955
40.084961 40.000000906 906
40.108398 40.000000880 880
40.144531 40.000000841 841
40.134766 40.000000851 851
40.156250 40.000000828 828
40.144531 40.000000841 841
40.152344 40.000000832 832
40.166016 40.000000817 817
40.174805 40.000000807 807
40.215820 40.000000762 762
40.213867 40.000000764 764
40.207031 40.000000772 772
40.213867 40.000000764 764
40.225586 40.000000751 751
40.242188 40.000000733 733
40.230469 40.000000746 746
40.242188 40.000000733 733
40.239258 40.000000736 736
40.239258 40.000000736 736
40.220703 40.000000757 757
40.286133 40.000000685 685
40.244141 40.000000731 731
40.278320 40.000000693 693
40.210938 40.000000767 767
40.182617 40.000000799 799
40.110352 40.000000878 878
40.054688 40.000000939 939
40.041992 40.000000953 953
40.057617 40.000000936 936
40.127930 40.000000859 859
40.164063 40.000000819 819
40.221680 40.000000756 756
40.242188 40.000000733 733
40.285156 40.000000686 686
40.273438 40.000000699 699
40.233398 40.000000743 743
40.200195 40.000000779 779
40.185547 40.000000795 795
40.162109 40.000000821 821
40.157227 40.000000827 827
40.172852 40.000000809 809
40.142578 40.000000843 843
40.189453 40.000000791 791
40.208008 40.000000771 771
40.232422 40.000000744 744
40.258789 40.000000715 715
40.276367 40.000000695 695
40.267578 40.000000705 705
40.298828 40.000000671 671
40.329102 40.000000637 637
40.335938 40.000000630 630
40.314453 40.000000654 654
40.246094 40.000000729 729
40.189453 40.000000791 791
40.177734 40.000000804 804
40.157227 40.000000827 827
40.142578 40.000000843 843
40.177734 40.000000804 804
40.201172 40.000000778 778
40.230469 40.000000746 746
40.259766 40.000000714 714
40.267578 40.000000705 705
40.263672 40.000000709 709
40.315430 40.000000653 653
40.318359 40.000000649 649
40.316406 40.000000651 651
40.287109 40.000000684 684
40.289063 40.000000682 682
40.219727 40.000000758 758
40.191406 40.000000789 789
40.170898 40.000000812 812
40.125000 40.000000862 862
40.127930 40.000000859 859
40.078125 40.000000914 914
40.119141 40.000000868 868
40.119141 40.000000868 868
40.155273 40.000000829 829
40.125977 40.000000861 861
40.140625 40.000000845 845
40.142578 40.000000843 843
40.136719 40.000000849 849
40.160156 40.000000823 823
40.190430 40.000000790 790
40.122070 40.000000865 865
39.998047 40.0000001002 1002
39.918945 40.0000001089 1089
39.918945 40.0000001089 1089
40.004883 40.000000994 994
40.087891 40.000000903 903
40.208008 40.000000771 771
40.298828 40.000000671 671
40.346680 40.000000618 618
40.325195 40.000000642 642
40.302734 40.000000666 666
40.263672 40.000000709 709
40.207031 40.000000772 772
40.136719 40.000000849 849
40.066406 40.000000926 926
40.071289 40.000000921 921
40.028320 40.000000968 968
40.069336 40.000000923 923
40.090820 40.000000900 900
40.181641 40.000000800 800
40.256836 40.000000717 717
40.325195 40.000000642 642
40.363281 40.000000600 600
40.413086 40.000000545 545
40.462891 40.000000490 490
40.406250 40.000000553 553
40.394531 40.000000566 566
40.333984 40.000000632 632
40.305664 40.000000663 663
40.205078 40.000000774 774
40.153320 40.000000831 831
40.106445 40.000000882 882
40.075195 40.000000917 917
40.022461 40.000000975 975
40.004883 40.000000994 994
39.984375 40.0000001017 1017
40.030273 40.000000966 966
40.030273 40.000000966 966
40.041992 40.000000953 953
40.088867 40.000000902 902
40.103516 40.000000886 886
40.146484 40.000000838 838
40.158203 40.000000825 825
40.157227 40.000000827 827
40.177734 40.000000804 804
40.207031 40.000000772 772
40.217773 40.000000760 760
40.210938 40.000000767 767
40.263672 40.000000709 709
40.239258 40.000000736 736
40.251953 40.000000722 722
40.281250 40.000000690 690
40.263672 40.000000709 709
40.256836 40.000000717 717
40.247070 40.000000728 728
40.244141 40.000000731 731
40.267578 40.000000705 705
40.280273 40.000000691 691
40.239258 40.000000736 736
40.200195 40.000000779 779
40.169922 40.000000813 813
40.172852 40.000000809 809
40.105469 40.000000883 883
40.155273 40.000000829 829
40.203125 40.000000776 776

40.185547 40.000000795 795
40.179688 40.000000802 802
40.205078 40.000000774 774
40.165039 40.000000818 818
40.090820 40.000000900 900
40.127930 40.000000859 859
40.143555 40.000000842 842
40.092773 40.000000897 897
40.100586 40.000000889 889
40.134766 40.000000851 851
40.192383 40.000000788 788
40.169922 40.000000813 813
40.182617 40.000000799 799
40.164063 40.000000819 819
40.165039 40.000000818 818
40.204102 40.000000775 775
40.255859 40.000000718 718
40.273438 40.000000699 699
40.280273 40.000000691 691
40.262695 40.000000711 711
40.233398 40.000000743 743
40.186523 40.000000794 794
40.172852 40.000000809 809
40.148438 40.000000836 836
40.174805 40.000000807 807
40.116211 40.000000872 872
40.117188 40.000000871 871
40.112305 40.000000876 876
40.105469 40.000000883 883
40.099609 40.000000890 890
40.125000 40.000000862 862
40.104492 40.000000885 885
40.082031 40.000000909 909
40.133789 40.000000852 852
40.125977 40.000000861 861
40.147461 40.000000837 837
40.144531 40.000000841 841
40.164063 40.000000819 819
40.259766 40.000000714 714
40.354492 40.000000610 610
40.385742 40.000000575 575
40.431641 40.000000525 525
40.461914 40.000000491 491
40.424805 40.000000532 532
40.372070 40.000000590 590
40.321289 40.000000646 646
40.258789 40.000000715 715
40.296875 40.000000673 673
40.287109 40.000000684 684
40.308594 40.000000660 660
40.308594 40.000000660 660
40.289063 40.000000682 682
40.242188 40.000000733 733
40.235352 40.000000741 741
40.157227 40.000000827 827
40.119141 40.000000868 868
40.105469 40.000000883 883
40.082031 40.000000909 909
40.044922 40.000000950 950
40.032227 40.000000964 964
40.039063 40.000000957 957
40.066406 40.000000926 926
40.057617 40.000000936 936
40.116211 40.000000872 872
40.174805 40.000000807 807
40.228516 40.000000748 748
40.315430 40.000000653 653
40.364258 40.000000599 599
40.370117 40.000000592 592
40.339844 40.000000626 626
40.301758 40.000000668 668
40.248047 40.000000727 727
40.186523 40.000000794 794
40.168945 40.000000814 814
40.161133 40.000000822 822
40.161133 40.000000822 822
40.161133 40.000000822 822
40.182617 40.000000799 799
40.230469 40.000000746 746
40.232422 40.000000744 744
40.272461 40.000000700 700
40.246094 40.000000729 729
40.294922 40.000000675 675
40.310547 40.000000658 658
40.307617 40.000000661 661
40.332031 40.000000634 634
40.363281 40.000000600 600
40.364258 40.000000599 599
40.330078 40.000000636 636
40.293945 40.000000676 676
40.258789 40.000000715 715
40.258789 40.000000715 715
40.267578 40.000000705 705
40.286133 40.000000685 685
40.269531 40.000000703 703
40.277344 40.000000694 694
40.215820 40.000000762 762
40.181641 40.000000800 800
40.164063 40.000000819 819
40.162109 40.000000821 821
40.186523 40.000000794 794
40.155273 40.000000829 829
40.161133 40.000000822 822
40.190430 40.000000790 790
40.208984 40.000000770 770
40.237305 40.000000738 738
40.254883 40.000000719 719
40.225586 40.000000751 751
40.243164 40.000000732 732
40.275391 40.000000697 697
40.285156 40.000000686 686
40.258789 40.000000715 715
40.250977 40.000000723 723
40.222656 40.000000755 755
40.172852 40.000000809 809
40.217773 40.000000760 760
40.210938 40.000000767 767
40.242188 40.000000733 733
40.241211 40.000000734 734
40.235352 40.000000741 741
40.285156 40.000000686 686
40.286133 40.000000685 685
40.292969 40.000000677 677
40.323242 40.000000644 644
40.281250 40.000000690 690
40.321289 40.000000646 646
40.337891 40.000000628 628
40.336914 40.000000629 629
40.307617 40.000000661 661
40.318359 40.000000649 649
40.306641 40.000000662 662
40.275391 40.000000697 697
40.250977 40.000000723 723
40.242188 40.000000733 733
40.221680 40.000000756 756
40.226563 40.000000750 750
40.241211 40.000000734 734
40.238281 40.000000737 737
40.265625 40.000000707 707
40.284180 40.000000687 687
40.332031 40.000000634 634
40.311523 40.000000657 657
40.289063 40.000000682 682
40.272461 40.000000700 700
40.192383 40.000000788 788
40.122070 40.000000865 865
40.088867 40.000000902 902
40.083984 40.000000907 907
40.069336 40.000000923 923
40.079102 40.000000912 912
40.078125 40.000000914 914
40.104492 40.000000885 885
40.127930 40.000000859 859
40.156250 40.000000828 828
40.169922 40.000000813 813
40.221680 40.000000756 756
40.232422 40.000000744 744
40.241211 40.000000734 734
40.277344 40.000000694 694
40.284180 40.000000687 687
40.303711 40.000000665 665
40.332031 40.000000634 634
40.320313 40.000000647 647
40.353516 40.000000611 611
40.391602 40.000000569 569
40.375977 40.000000586 586
40.401367 40.000000558 558
40.382813 40.000000578 578
40.346680 40.000000618 618
40.355469 40.000000608 608
40.302734 40.000000666 666
40.348633 40.000000616 616
40.370117 40.000000592 592
40.354492 40.000000610 610
40.362305 40.000000601 601
40.376953 40.000000585 585
40.361328 40.000000602 602
40.339844 40.000000626 626
40.327148 40.000000640 640
40.260742 40.000000713 713
40.225586 40.000000751 751
40.144531 40.000000841 841
40.133789 40.000000852 852
40.131836 40.000000854 854
40.113281 40.000000875 875
40.133789 40.000000852 852
40.125000 40.000000862 862
40.182617 40.000000799 799
40.212891 40.000000765 765
40.248047 40.000000727 727
40.275391 40.000000697 697
40.262695 40.000000711 711
40.284180 40.000000687 687
40.294922 40.000000675 675
40.260742 40.000000713 713
40.275391 40.000000697 697
40.189453 40.000000791 791
40.161133 40.000000822 822
40.090820 40.000000900 900
40.052734 40.000000941 941
40.024414 40.000000973 973
40.020508 40.000000977 977
40.023438 40.000000974 974
40.033203 40.000000963 963
40.062500 40.000000931 931
40.096680 40.000000893 893
40.086914 40.000000904 904
40.168945 40.000000814 814
40.178711 40.000000803 803
40.221680 40.000000756 756
40.230469 40.000000746 746
40.234375 40.000000742 742
40.239258 40.000000736 736
40.183594 40.000000798 798
40.219727 40.000000758 758
40.198242 40.000000781 781
40.196289 40.000000784 784
40.201172 40.000000778 778
40.232422 40.000000744 744
40.210938 40.000000767 767
40.258789 40.000000715 715
40.294922 40.000000675 675
40.310547 40.000000658 658
40.332031 40.000000634 634
40.323242 40.000000644 644
40.267578 40.000000705 705
40.232422 40.000000744 744
40.200195 40.000000779 779
40.167969 40.000000815 815
40.127930 40.000000859 859
40.125000 40.000000862 862
40.142578 40.000000843 843
40.187500 40.000000793 793
40.215820 40.000000762 762
40.255859 40.000000718 718
40.281250 40.000000690 690
40.329102 40.000000637 637
40.333984 40.000000632 632
40.344727 40.000000620 620
40.368164 40.000000595 595
40.380859 40.000000581 581
40.382813 40.000000578 578
40.422852 40.000000534 534
40.430664 40.000000526 526
40.445313 40.000000510 510
40.394531 40.000000566 566
40.370117 40.000000592 592
40.314453 40.000000654 654
40.285156 40.000000686 686
40.291016 40.000000679 679
40.280273 40.000000691 691
40.284180 40.000000687 687
40.296875 40.000000673 673
40.316406 40.000000651 651
40.333984 40.000000632 632
40.348633 40.000000616 616
40.376953 40.000000585 585
40.367188 40.000000596 596
40.392578 40.000000568 568
40.407227 40.000000552 552
40.423828 40.000000533 533
40.409180 40.000000549 549
40.401367 40.000000558 558
40.407227 40.000000552 552
40.319336 40.000000648 648
40.250000 40.000000725 725
40.220703 40.000000757 757
40.143555 40.000000842 842
40.088867 40.000000902 902
40.074219 40.000000918 918
40.054688 40.000000939 939
40.037109 40.000000959 959
40.073242 40.000000919 919
40.125000 40.000000862 862
40.191406 40.000000789 789
40.250000 40.000000725 725
40.349609 40.000000615 615
40.402344 40.000000557 557
40.435547 40.000000520 520
40.469727 40.000000483 483
40.499023 40.000000451 451
40.457031 40.000000497 497
40.427734 40.000000529 529
40.367188 40.000000596 596
40.305664 40.000000663 663
40.233398 40.000000743 743
40.181641 40.000000800 800
40.152344 40.000000832 832
40.105469 40.000000883 883
40.122070 40.000000865 865
40.130859 40.000000856 856
40.122070 40.000000865 865
40.165039 40.000000818 818
40.233398 40.000000743 743
40.285156 40.000000686 686
40.327148 40.000000640 640
40.363281 40.000000600 600
40.353516 40.000000611 611
40.372070 40.000000590 590
40.387695 40.000000573 573
40.421875 40.000000535 535
40.388672 40.000000572 572
40.354492 40.000000610 610
40.289063 40.000000682 682
40.263672 40.000000709 709
40.211914 40.000000766 766
40.155273 40.000000829 829
40.103516 40.000000886 886
40.061523 40.000000932 932
40.061523 40.000000932 932
40.079102 40.000000912 912
40.117188 40.000000871 871
40.207031 40.000000772 772
40.293945 40.000000676 676
40.339844 40.000000626 626
40.428711 40.000000528 528
40.430664 40.000000526 526
40.417969 40.000000540 540
40.394531 40.000000566 566
40.418945 40.000000539 539
40.444336 40.000000511 511
40.445313 40.000000510 510
40.393555 40.000000567 567
40.359375 40.000000604 604
40.281250 40.000000690 690
40.189453 40.000000791 791
40.138672 40.000000847 847
40.106445 40.000000882 882
40.099609 40.000000890 890
40.088867 40.000000902 902
40.083008 40.000000908 908
40.103516 40.000000886 886
40.083984 40.000000907 907
40.168945 40.000000814 814
40.200195 40.000000779 779
40.226563 40.000000750 750
40.253906 40.000000720 720
40.267578 40.000000705 705
40.307617 40.000000661 661
40.329102 40.000000637 637
40.315430 40.000000653 653
40.281250 40.000000690 690
40.248047 40.000000727 727
40.211914 40.000000766 766
40.168945 40.000000814 814
40.096680 40.000000893 893
40.087891 40.000000903 903
40.080078 40.000000911 911
40.071289 40.000000921 921
40.079102 40.000000912 912
40.090820 40.000000900 900
40.112305 40.000000876 876
40.140625 40.000000845 845
40.156250 40.000000828 828
40.208984 40.000000770 770
40.242188 40.000000733 733
40.203125 40.000000776 776
40.248047 40.000000727 727
40.219727 40.000000758 758
40.224609 40.000000752 752
40.201172 40.000000778 778
40.212891 40.000000765 765
40.215820 40.000000762 762
40.228516 40.000000748 748
40.239258 40.000000736 736
40.239258 40.000000736 736
40.243164 40.000000732 732
40.289063 40.000000682 682
40.277344 40.000000694 694
40.250000 40.000000725 725
40.235352 40.000000741 741
40.167969 40.000000815 815
40.151367 40.000000833 833
40.144531 40.000000841 841
40.130859 40.000000856 856
40.194336 40.000000786 786
40.169922 40.000000813 813
40.170898 40.000000812 812
40.158203 40.000000825 825
40.160156 40.000000823 823
40.181641 40.000000800 800
40.179688 40.000000802 802
40.220703 40.000000757 757
40.208984 40.000000770 770
40.212891 40.000000765 765
40.205078 40.000000774 774
40.189453 40.000000791 791
40.173828 40.000000808 808
40.191406 40.000000789 789
40.173828 40.000000808 808
40.210938 40.000000767 767
40.247070 40.000000728 728
40.251953 40.000000722 722
40.235352 40.000000741 741
40.291016 40.000000679 679
40.287109 40.000000684 684
40.287109 40.000000684 684
40.355469 40.000000608 608
40.346680 40.000000618 618
40.363281 40.000000600 600
40.344727 40.000000620 620
40.287109 40.000000684 684
40.267578 40.000000705 705
40.201172 40.000000778 778
40.131836 40.000000854 854
40.028320 40.000000968 968
39.974609 40.0000001027 1027
39.945313 40.0000001060 1060
39.954102 40.0000001050 1050
39.958984 40.0000001045 1045
39.959961 40.0000001044 1044
39.992188 40.0000001008 1008
40.044922 40.000000950 950
40.157227 40.000000827 827
40.225586 40.000000751 751
40.314453 40.000000654 654
40.383789 40.000000577 577
40.487305 40.000000463 463
40.467773 40.000000485 485
40.493164 40.000000457 457
40.384766 40.000000576 576
40.271484 40.000000701 701
40.222656 40.000000755 755
40.200195 40.000000779 779
40.225586 40.000000751 751
40.242188 40.000000733 733
40.229492 40.000000747 747
40.278320 40.000000693 693
40.269531 40.000000703 703
40.258789 40.000000715 715
40.241211 40.000000734 734
40.265625 40.000000707 707
40.250000 40.000000725 725
40.271484 40.000000701 701
40.251953 40.000000722 722
40.250000 40.000000725 725
40.293945 40.000000676 676
40.299805 40.000000670 670
40.340820 40.000000625 625
40.306641 40.000000662 662
40.247070 40.000000728 728
40.198242 40.000000781 781
40.109375 40.000000879 879
40.036133 40.000000960 960
40.004883 40.000000994 994
40.045898 40.000000949 949
40.121094 40.000000866 866
40.191406 40.000000789 789
40.243164 40.000000732 732
40.359375 40.000000604 604
40.359375 40.000000604 604
40.402344 40.000000557 557
40.388672 40.000000572 572
40.401367 40.000000558 558
40.424805 40.000000532 532
40.406250 40.000000553 553
40.380859 40.000000581 581
40.318359 40.000000649 649
40.287109 40.000000684 684
40.247070 40.000000728 728
40.216797 40.000000761 761
40.217773 40.000000760 760
40.247070 40.000000728 728
40.278320 40.000000693 693
40.303711 40.000000665 665
40.325195 40.000000642 642
40.348633 40.000000616 616
40.376953 40.000000585 585
40.400391 40.000000559 559
40.410156 40.000000548 548
40.398438 40.000000561 561
40.446289 40.000000509 509
40.460938 40.000000492 492
40.416016 40.000000542 542
40.344727 40.000000620 620
40.293945 40.000000676 676
40.229492 40.000000747 747
40.166016 40.000000817 817
40.142578 40.000000843 843
40.117188 40.000000871 871
40.114258 40.000000874 874
40.162109 40.000000821 821
40.160156 40.000000823 823
40.165039 40.000000818 818
40.195313 40.000000785 785
40.203125 40.000000776 776
40.234375 40.000000742 742
40.195313 40.000000785 785
40.205078 40.000000774 774
40.232422 40.000000744 744
40.221680 40.000000756 756
40.239258 40.000000736 736
40.267578 40.000000705 705
40.297852 40.000000672 672
40.281250 40.000000690 690
40.290039 40.000000680 680
40.294922 40.000000675 675
40.277344 40.000000694 694
40.312500 40.000000656 656
40.308594 40.000000660 660
40.339844 40.000000626 626
40.380859 40.000000581 581
40.423828 40.000000533 533
40.422852 40.000000534 534
40.453125 40.000000501 501
40.411133 40.000000547 547
40.413086 40.000000545 545
40.388672 40.000000572 572
40.367188 40.000000596 596
40.389648 40.000000571 571
40.424805 40.000000532 532
40.419922 40.000000538 538
40.437500 40.000000518 518
40.375977 40.000000586 586
40.363281 40.000000600 600
40.328125 40.000000639 639
40.280273 40.000000691 691
40.251953 40.000000722 722
40.282227 40.000000689 689
40.255859 40.000000718 718
40.255859 40.000000718 718
40.225586 40.000000751 751
40.200195 40.000000779 779
40.166016 40.000000817 817
40.152344 40.000000832 832
40.151367 40.000000833 833
40.162109 40.000000821 821
40.140625 40.000000845 845
40.185547 40.000000795 795
40.166016 40.000000817 817
40.169922 40.000000813 813
40.211914 40.000000766 766
40.219727 40.000000758 758
40.199219 40.000000780 780
40.187500 40.000000793 793
40.217773 40.000000760 760
40.248047 40.000000727 727
40.289063 40.000000682 682
40.323242 40.000000644 644
40.250977 40.000000723 723
40.238281 40.000000737 737
40.168945 40.000000814 814
40.136719 40.000000849 849
40.144531 40.000000841 841
40.133789 40.000000852 852
40.198242 40.000000781 781
40.229492 40.000000747 747
40.307617 40.000000661 661
40.319336 40.000000648 648
40.375000 40.000000587 587
40.405273 40.000000554 554
40.432617 40.000000524 524
40.486328 40.000000465 465
40.460938 40.000000492 492
40.492188 40.000000458 458
40.461914 40.000000491 491
40.414063 40.000000544 544
40.316406 40.000000651 651
40.276367 40.000000695 695
40.148438 40.000000836 836
40.066406 40.000000926 926
40.019531 40.000000978 978
40.013672 40.000000984 984
40.041992 40.000000953 953
40.109375 40.000000879 879
40.152344 40.000000832 832
40.212891 40.000000765 765
40.273438 40.000000699 699
40.310547 40.000000658 658
40.378906 40.000000583 583
40.392578 40.000000568 568
40.453125 40.000000501 501
40.477539 40.000000474 474
40.458984 40.000000495 495
40.436523 40.000000519 519
40.389648 40.000000571 571
40.358398 40.000000605 605
40.298828 40.000000671 671
40.192383 40.000000788 788
40.155273 40.000000829 829
40.075195 40.000000917 917
40.001953 40.000000997 997
39.972656 40.0000001030 1030
39.989258 40.0000001011 1011
39.972656 40.0000001030 1030
40.031250 40.000000965 965
40.037109 40.000000959 959
40.061523 40.000000932 932
40.094727 40.000000895 895
40.138672 40.000000847 847
40.196289 40.000000784 784
40.186523 40.000000794 794
40.173828 40.000000808 808
40.192383 40.000000788 788
40.246094 40.000000729 729
40.253906 40.000000720 720
40.254883 40.000000719 719
40.220703 40.000000757 757
40.185547 40.000000795 795
40.147461 40.000000837 837
40.086914 40.000000904 904
40.138672 40.000000847 847
40.167969 40.000000815 815
40.222656 40.000000755 755
40.242188 40.000000733 733
40.298828 40.000000671 671
40.307617 40.000000661 661
40.320313 40.000000647 647
40.357422 40.000000606 606
40.378906 40.000000583 583
40.409180 40.000000549 549
40.394531 40.000000566 566
40.330078 40.000000636 636
40.260742 40.000000713 713
40.217773 40.000000760 760
40.179688 40.000000802 802
40.133789 40.000000852 852
40.151367 40.000000833 833
40.167969 40.000000815 815
40.166016 40.000000817 817
40.190430 40.000000790 790
40.228516 40.000000748 748
40.250000 40.000000725 725
40.264648 40.000000708 708
40.321289 40.000000646 646
40.340820 40.000000625 625
40.351563 40.000000613 613
40.308594 40.000000660 660
40.354492 40.000000610 610
40.361328 40.000000602 602
40.355469 40.000000608 608
40.402344 40.000000557 557
40.411133 40.000000547 547
40.391602 40.000000569 569
40.417969 40.000000540 540
40.410156 40.000000548 548
40.397461 40.000000562 562
40.434570 40.000000521 521
40.401367 40.000000558 558
40.428711 40.000000528 528
40.435547 40.000000520 520
40.450195 40.000000504 504
40.437500 40.000000518 518
40.422852 40.000000534 534
40.426758 40.000000530 530
40.389648 40.000000571 571
40.367188 40.000000596 596
40.319336 40.000000648 648
40.251953 40.000000722 722
40.162109 40.000000821 821
40.112305 40.000000876 876
40.101563 40.000000888 888
40.043945 40.000000951 951
40.051758 40.000000943 943
40.048828 40.000000946 946
40.041016 40.000000954 954
40.041016 40.000000954 954
40.088867 40.000000902 902
40.138672 40.000000847 847
40.122070 40.000000865 865
40.217773 40.000000760 760
40.246094 40.000000729 729
40.183594 40.000000798 798
40.221680 40.000000756 756
40.260742 40.000000713 713
40.330078 40.000000636 636
40.389648 40.000000571 571
40.416016 40.000000542 542
40.454102 40.000000500 500
40.430664 40.000000526 526
40.465820 40.000000487 487
40.411133 40.000000547 547
40.385742 40.000000575 575
40.344727 40.000000620 620
40.256836 40.000000717 717
40.191406 40.000000789 789
40.125000 40.000000862 862
40.106445 40.000000882 882
40.123047 40.000000864 864
40.133789 40.000000852 852
40.164063 40.000000819 819
40.224609 40.000000752 752
40.250000 40.000000725 725
40.276367 40.000000695 695
40.306641 40.000000662 662
40.375977 40.000000586 586
40.357422 40.000000606 606
40.321289 40.000000646 646
40.301758 40.000000668 668
40.241211 40.000000734 734
40.224609 40.000000752 752
40.168945 40.000000814 814
40.125000 40.000000862 862
40.119141 40.000000868 868
40.063477 40.000000930 930
40.113281 40.000000875 875
40.165039 40.000000818 818
40.183594 40.000000798 798
40.263672 40.000000709 709
40.271484 40.000000701 701
40.320313 40.000000647 647
40.333984 40.000000632 632
40.375000 40.000000587 587
40.385742 40.000000575 575
40.379883 40.000000582 582
40.363281 40.000000600 600
40.344727 40.000000620 620
40.380859 40.000000581 581
40.402344 40.000000557 557
40.354492 40.000000610 610
40.333984 40.000000632 632
40.385742 40.000000575 575
40.402344 40.000000557 557
40.417969 40.000000540 540
40.421875 40.000000535 535
40.436523 40.000000519 519
40.366211 40.000000597 597
40.348633 40.000000616 616
40.291016 40.000000679 679
40.246094 40.000000729 729
40.205078 40.000000774 774
40.182617 40.000000799 799
40.183594 40.000000798 798
40.156250 40.000000828 828
40.152344 40.000000832 832
40.166016 40.000000817 817
40.198242 40.000000781 781
40.156250 40.000000828 828
40.233398 40.000000743 743
40.293945 40.000000676 676
40.287109 40.000000684 684
40.315430 40.000000653 653
40.333984 40.000000632 632
40.351563 40.000000613 613
40.357422 40.000000606 606
40.402344 40.000000557 557
40.335938 40.000000630 630
40.335938 40.000000630 630
40.265625 40.000000707 707
40.199219 40.000000780 780

40.118164 40.000000870 870
40.061523 40.000000932 932
40.062500 40.000000931 931
40.013672 40.000000984 984
40.049805 40.000000945 945
40.062500 40.000000931 931
40.065430 40.000000928 928
40.069336 40.000000923 923
40.095703 40.000000894 894
40.125977 40.000000861 861
40.148438 40.000000836 836
40.168945 40.000000814 814
40.168945 40.000000814 814
40.239258 40.000000736 736
40.233398 40.000000743 743
40.256836 40.000000717 717
40.253906 40.000000720 720
40.235352 40.000000741 741
40.194336 40.000000786 786
40.157227 40.000000827 827
40.096680 40.000000893 893
40.045898 40.000000949 949
40.054688 40.000000939 939
40.031250 40.000000965 965
40.095703 40.000000894 894
40.108398 40.000000880 880
40.084961 40.000000906 906
40.033203 40.000000963 963
39.997070 40.0000001003 1003
39.989258 40.0000001011 1011
40.036133 40.000000960 960
40.036133 40.000000960 960
40.080078 40.000000911 911
40.117188 40.000000871 871
40.173828 40.000000808 808
40.251953 40.000000722 722
40.355469 40.000000608 608
40.427734 40.000000529 529
40.482422 40.000000469 469
40.523438 40.000000424 424
40.518555 40.000000429 429
40.504883 40.000000444 444
40.462891 40.000000490 490
40.410156 40.000000548 548
40.359375 40.000000604 604
40.265625 40.000000707 707
40.204102 40.000000775 775
40.149414 40.000000835 835
40.133789 40.000000852 852
40.112305 40.000000876 876
40.113281 40.000000875 875
40.144531 40.000000841 841
40.156250 40.000000828 828
40.177734 40.000000804 804
40.230469 40.000000746 746
40.208984 40.000000770 770
40.215820 40.000000762 762
40.290039 40.000000680 680
40.271484 40.000000701 701
40.289063 40.000000682 682
40.262695 40.000000711 711
40.269531 40.000000703 703
40.353516 40.000000611 611
40.354492 40.000000610 610
40.389648 40.000000571 571
40.392578 40.000000568 568
40.370117 40.000000592 592
40.281250 40.000000690 690
40.256836 40.000000717 717
40.248047 40.000000727 727
40.207031 40.000000772 772
40.173828 40.000000808 808
40.161133 40.000000822 822
40.192383 40.000000788 788
40.152344 40.000000832 832
40.168945 40.000000814 814
40.204102 40.000000775 775
40.230469 40.000000746 746
40.263672 40.000000709 709
40.271484 40.000000701 701
40.307617 40.000000661 661
40.316406 40.000000651 651
40.349609 40.000000615 615
40.280273 40.000000691 691
40.244141 40.000000731 731
40.216797 40.000000761 761
40.133789 40.000000852 852
40.060547 40.000000933 933
40.043945 40.000000951 951
40.074219 40.000000918 918
40.049805 40.000000945 945
40.028320 40.000000968 968
40.082031 40.000000909 909
40.090820 40.000000900 900
40.090820 40.000000900 900
40.096680 40.000000893 893
40.092773 40.000000897 897
40.104492 40.000000885 885
40.119141 40.000000868 868
40.136719 40.000000849 849
40.173828 40.000000808 808
40.213867 40.000000764 764
40.255859 40.000000718 718
40.271484 40.000000701 701
40.294922 40.000000675 675
40.302734 40.000000666 666
40.308594 40.000000660 660
40.310547 40.000000658 658
40.363281 40.000000600 600
40.335938 40.000000630 630
40.354492 40.000000610 610
40.335938 40.000000630 630
40.392578 40.000000568 568
40.388672 40.000000572 572
40.414063 40.000000544 544
40.372070 40.000000590 590
40.366211 40.000000597 597
40.296875 40.000000673 673
40.208008 40.000000771 771
40.196289 40.000000784 784
40.166016 40.000000817 817
40.186523 40.000000794 794
40.183594 40.000000798 798
40.208008 40.000000771 771
40.211914 40.000000766 766
40.244141 40.000000731 731
40.268555 40.000000704 704
40.294922 40.000000675 675
40.298828 40.000000671 671
40.312500 40.000000656 656
40.271484 40.000000701 701
40.251953 40.000000722 722
40.250000 40.000000725 725
40.255859 40.000000718 718
40.250977 40.000000723 723
40.237305 40.000000738 738
40.293945 40.000000676 676
40.301758 40.000000668 668
40.308594 40.000000660 660
40.340820 40.000000625 625
40.383789 40.000000577 577
40.409180 40.000000549 549
40.406250 40.000000553 553
40.435547 40.000000520 520
40.460938 40.000000492 492
40.477539 40.000000474 474
40.478516 40.000000473 473
40.471680 40.000000481 481
40.473633 40.000000479 479
40.400391 40.000000559 559
40.372070 40.000000590 590
40.327148 40.000000640 640
40.301758 40.000000668 668
40.208984 40.000000770 770
40.190430 40.000000790 790
40.155273 40.000000829 829
40.091797 40.000000899 899
40.065430 40.000000928 928
40.039063 40.000000957 957
40.076172 40.000000916 916
40.112305 40.000000876 876
40.186523 40.000000794 794
40.289063 40.000000682 682
40.325195 40.000000642 642
40.366211 40.000000597 597
40.394531 40.000000566 566
40.410156 40.000000548 548
40.384766 40.000000576 576
40.372070 40.000000590 590
40.344727 40.000000620 620
40.311523 40.000000657 657
40.335938 40.000000630 630
40.354492 40.000000610 610
40.364258 40.000000599 599
40.364258 40.000000599 599
40.388672 40.000000572 572
40.383789 40.000000577 577
40.421875 40.000000535 535
40.434570 40.000000521 521
40.418945 40.000000539 539
40.384766 40.000000576 576
40.316406 40.000000651 651
40.267578 40.000000705 705
40.167969 40.000000815 815
40.148438 40.000000836 836
40.099609 40.000000890 890
40.117188 40.000000871 871
40.165039 40.000000818 818
40.208008 40.000000771 771
40.230469 40.000000746 746
40.294922 40.000000675 675
40.293945 40.000000676 676
40.346680 40.000000618 618
40.340820 40.000000625 625
40.380859 40.000000581 581
40.367188 40.000000596 596
40.314453 40.000000654 654
40.282227 40.000000689 689
40.219727 40.000000758 758
40.158203 40.000000825 825
40.130859 40.000000856 856
40.140625 40.000000845 845
40.074219 40.000000918 918
40.108398 40.000000880 880
40.142578 40.000000843 843
40.192383 40.000000788 788
40.250977 40.000000723 723
40.337891 40.000000628 628
40.393555 40.000000567 567
40.430664 40.000000526 526
40.461914 40.000000491 491
40.520508 40.000000427 427
40.540039 40.000000405 405
40.548828 40.000000396 396
40.516602 40.000000431 431
40.479492 40.000000472 472
40.452148 40.000000502 502
40.387695 40.000000573 573
40.372070 40.000000590 590
40.284180 40.000000687 687
40.224609 40.000000752 752
40.183594 40.000000798 798
40.105469 40.000000883 883
40.033203 40.000000963 963
40.009766 40.000000989 989
40.073242 40.000000919 919
40.041016 40.000000954 954
40.083008 40.000000908 908
40.109375 40.000000879 879
40.153320 40.000000831 831
40.204102 40.000000775 775
40.255859 40.000000718 718
40.293945 40.000000676 676
40.311523 40.000000657 657
40.319336 40.000000648 648
40.284180 40.000000687 687
40.262695 40.000000711 711
40.216797 40.000000761 761
40.200195 40.000000779 779
40.165039 40.000000818 818
40.165039 40.000000818 818
40.162109 40.000000821 821
40.161133 40.000000822 822
40.233398 40.000000743 743
40.230469 40.000000746 746
40.244141 40.000000731 731
40.232422 40.000000744 744
40.247070 40.000000728 728
40.205078 40.000000774 774
40.238281 40.000000737 737
40.247070 40.000000728 728
40.282227 40.000000689 689
40.301758 40.000000668 668
40.340820 40.000000625 625
40.368164 40.000000595 595
40.405273 40.000000554 554
40.396484 40.000000563 563
40.435547 40.000000520 520
40.479492 40.000000472 472
40.469727 40.000000483 483
40.492188 40.000000458 458
40.504883 40.000000444 444
40.534180 40.000000412 412
40.535156 40.000000411 411
40.570313 40.000000372 372
40.510742 40.000000438 438
40.439453 40.000000516 516
40.397461 40.000000562 562
40.293945 40.000000676 676
40.265625 40.000000707 707
40.250000 40.000000725 725
40.250000 40.000000725 725
40.250000 40.000000725 725
40.265625 40.000000707 707
40.256836 40.000000717 717
40.315430 40.000000653 653
40.307617 40.000000661 661
40.336914 40.000000629 629
40.371094 40.000000591 591
40.371094 40.000000591 591
40.391602 40.000000569 569
40.426758 40.000000530 530
40.401367 40.000000558 558
40.375977 40.000000586 586
40.413086 40.000000545 545
40.375977 40.000000586 586
40.401367 40.000000558 558
40.432617 40.000000524 524
40.449219 40.000000505 505

40.452148 40.000000502 502
40.480469 40.000000471 471
40.483398 40.000000468 468
40.492188 40.000000458 458
40.505859 40.000000443 443
40.443359 40.000000512 512
40.384766 40.000000576 576
40.344727 40.000000620 620
40.250977 40.000000723 723
40.226563 40.000000750 750
40.181641 40.000000800 800
40.082031 40.000000909 909
40.047852 40.000000947 947
40.031250 40.000000965 965
40.027344 40.000000969 969
40.091797 40.000000899 899
40.121094 40.000000866 866
40.130859 40.000000856 856
40.157227 40.000000827 827
40.239258 40.000000736 736
40.323242 40.000000644 644
40.359375 40.000000604 604
40.398438 40.000000561 561
40.431641 40.000000525 525
40.464844 40.000000488 488
40.461914 40.000000491 491
40.507813 40.000000441 441
40.492188 40.000000458 458
40.470703 40.000000482 482
40.446289 40.000000509 509
40.440430 40.000000515 515
40.469727 40.000000483 483
40.440430 40.000000515 515
40.402344 40.000000557 557
40.373047 40.000000589 589
40.306641 40.000000662 662
40.258789 40.000000715 715
40.220703 40.000000757 757
40.168945 40.000000814 814
40.168945 40.000000814 814
40.153320 40.000000831 831
40.179688 40.000000802 802
40.138672 40.000000847 847
40.022461 40.000000975 975
39.947266 40.0000001058 1058
39.912109 40.0000001096 1096
40.006836 40.000000992 992
40.109375 40.000000879 879
40.162109 40.000000821 821
40.265625 40.000000707 707
40.292969 40.000000677 677
40.366211 40.000000597 597
40.405273 40.000000554 554
40.421875 40.000000535 535
40.404297 40.000000555 555
40.398438 40.000000561 561
40.341797 40.000000624 624
40.310547 40.000000658 658
40.290039 40.000000680 680
40.267578 40.000000705 705
40.243164 40.000000732 732
40.265625 40.000000707 707
40.272461 40.000000700 700
40.296875 40.000000673 673
40.312500 40.000000656 656
40.308594 40.000000660 660
40.344727 40.000000620 620
40.341797 40.000000624 624
40.387695 40.000000573 573
40.400391 40.000000559 559
40.414063 40.000000544 544
40.401367 40.000000558 558
40.367188 40.000000596 596
40.320313 40.000000647 647
40.330078 40.000000636 636
40.271484 40.000000701 701
40.221680 40.000000756 756
40.216797 40.000000761 761
40.208008 40.000000771 771
40.230469 40.000000746 746
40.235352 40.000000741 741
40.235352 40.000000741 741
40.242188 40.000000733 733
40.244141 40.000000731 731
40.246094 40.000000729 729
40.256836 40.000000717 717
40.263672 40.000000709 709
40.268555 40.000000704 704
40.339844 40.000000626 626
40.366211 40.000000597 597
40.372070 40.000000590 590
40.385742 40.000000575 575
40.357422 40.000000606 606
40.358398 40.000000605 605
40.336914 40.000000629 629
40.234375 40.000000742 742
40.201172 40.000000778 778
40.177734 40.000000804 804
40.112305 40.000000876 876
40.105469 40.000000883 883
40.070313 40.000000922 922
40.117188 40.000000871 871
40.169922 40.000000813 813
40.271484 40.000000701 701
40.314453 40.000000654 654
40.388672 40.000000572 572
40.431641 40.000000525 525
40.482422 40.000000469 469
40.500000 40.000000450 450
40.532227 40.000000414 414
40.546875 40.000000398 398
40.530273 40.000000416 416
40.452148 40.000000502 502
40.389648 40.000000571 571
40.333984 40.000000632 632
40.285156 40.000000686 686
40.250977 40.000000723 723
40.237305 40.000000738 738
40.241211 40.000000734 734
40.258789 40.000000715 715
40.254883 40.000000719 719
40.293945 40.000000676 676
40.312500 40.000000656 656
40.345703 40.000000619 619
40.348633 40.000000616 616
40.378906 40.000000583 583
40.396484 40.000000563 563
40.351563 40.000000613 613
40.286133 40.000000685 685
40.278320 40.000000693 693
40.219727 40.000000758 758
40.224609 40.000000752 752
40.213867 40.000000764 764
40.242188 40.000000733 733
40.253906 40.000000720 720
40.271484 40.000000701 701
40.307617 40.000000661 661
40.333984 40.000000632 632
40.349609 40.000000615 615
40.362305 40.000000601 601
40.389648 40.000000571 571
40.421875 40.000000535 535
40.444336 40.000000511 511
40.443359 40.000000512 512
40.394531 40.000000566 566
40.372070 40.000000590 590
40.358398 40.000000605 605
40.298828 40.000000671 671
40.222656 40.000000755 755
40.200195 40.000000779 779
40.155273 40.000000829 829
40.119141 40.000000868 868
40.123047 40.000000864 864
40.148438 40.000000836 836
40.166016 40.000000817 817
40.199219 40.000000780 780
40.222656 40.000000755 755
40.233398 40.000000743 743
40.246094 40.000000729 729
40.294922 40.000000675 675
40.267578 40.000000705 705
40.256836 40.000000717 717
40.176758 40.000000805 805
40.158203 40.000000825 825
40.118164 40.000000870 870
40.118164 40.000000870 870
40.147461 40.000000837 837
40.190430 40.000000790 790
40.205078 40.000000774 774
40.259766 40.000000714 714
40.325195 40.000000642 642
40.323242 40.000000644 644
40.363281 40.000000600 600
40.419922 40.000000538 538
40.392578 40.000000568 568
40.383789 40.000000577 577
40.357422 40.000000606 606
40.306641 40.000000662 662
40.272461 40.000000700 700
40.207031 40.000000772 772
40.177734 40.000000804 804
40.142578 40.000000843 843
40.123047 40.000000864 864
40.131836 40.000000854 854
40.127930 40.000000859 859
40.147461 40.000000837 837
40.179688 40.000000802 802
40.222656 40.000000755 755
40.238281 40.000000737 737
40.289063 40.000000682 682
40.299805 40.000000670 670
40.376953 40.000000585 585
40.383789 40.000000577 577
40.398438 40.000000561 561
40.450195 40.000000504 504
40.486328 40.000000465 465
40.486328 40.000000465 465
40.470703 40.000000482 482
40.525391 40.000000422 422
40.488281 40.000000462 462
40.445313 40.000000510 510
40.393555 40.000000567 567
40.358398 40.000000605 605
40.260742 40.000000713 713
40.207031 40.000000772 772
40.149414 40.000000835 835
40.060547 40.000000933 933
39.958008 40.0000001046 1046
39.938477 40.0000001067 1067
39.967773 40.0000001035 1035
40.051758 40.000000943 943
40.108398 40.000000880 880
40.222656 40.000000755 755
40.298828 40.000000671 671
40.402344 40.000000557 557
40.418945 40.000000539 539
40.384766 40.000000576 576
40.434570 40.000000521 521
40.388672 40.000000572 572
40.332031 40.000000634 634
40.294922 40.000000675 675
40.254883 40.000000719 719
40.247070 40.000000728 728
40.255859 40.000000718 718
40.250977 40.000000723 723
40.222656 40.000000755 755
40.244141 40.000000731 731
40.243164 40.000000732 732
40.216797 40.000000761 761
40.248047 40.000000727 727
40.284180 40.000000687 687
40.268555 40.000000704 704
40.305664 40.000000663 663
40.272461 40.000000700 700
40.222656 40.000000755 755
40.195313 40.000000785 785
40.208008 40.000000771 771
40.164063 40.000000819 819
40.165039 40.000000818 818
40.173828 40.000000808 808
40.189453 40.000000791 791
40.027344 40.000000969 969
39.981445 40.0000001020 1020
40.000977 40.000000998 998
40.041992 40.000000953 953
40.123047 40.000000864 864
40.208008 40.000000771 771
40.291016 40.000000679 679
40.336914 40.000000629 629
40.423828 40.000000533 533
40.440430 40.000000515 515
40.458008 40.000000496 496
40.453125 40.000000501 501
40.446289 40.000000509 509
40.487305 40.000000463 463
40.500977 40.000000448 448
40.544922 40.000000400 400
40.581055 40.000000360 360
40.565430 40.000000378 378
40.535156 40.000000411 411
40.477539 40.000000474 474
40.398438 40.000000561 561
40.407227 40.000000552 552
40.305664 40.000000663 663
40.239258 40.000000736 736
40.195313 40.000000785 785
40.100586 40.000000889 889
40.109375 40.000000879 879
40.090820 40.000000900 900
40.091797 40.000000899 899
40.117188 40.000000871 871
40.155273 40.000000829 829
40.203125 40.000000776 776
40.190430 40.000000790 790
40.204102 40.000000775 775
40.216797 40.000000761 761
40.275391 40.000000697 697
40.302734 40.000000666 666
40.323242 40.000000644 644
40.363281 40.000000600 600
40.350586 40.000000614 614
40.339844 40.000000626 626
40.324219 40.000000643 643
40.324219 40.000000643 643
40.372070 40.000000590 590
40.402344 40.000000557 557
40.435547 40.000000520 520
40.474609 40.000000477 477
40.500977 40.000000448 448
40.525391 40.000000422 422
40.526367 40.000000420 420
40.500977 40.000000448 448
40.464844 40.000000488 488
40.443359 40.000000512 512
40.398438 40.000000561 561
40.319336 40.000000648 648
40.253906 40.000000720 720
40.216797 40.000000761 761
40.187500 40.000000793 793
40.148438 40.000000836 836
40.134766 40.000000851 851
40.097656 40.000000892 892
40.169922 40.000000813 813
40.151367 40.000000833 833
40.211914 40.000000766 766
40.216797 40.000000761 761
40.248047 40.000000727 727
40.287109 40.000000684 684
40.319336 40.000000648 648
40.332031 40.000000634 634
40.354492 40.000000610 610
40.303711 40.000000665 665
40.287109 40.000000684 684
40.222656 40.000000755 755
40.178711 40.000000803 803
40.212891 40.000000765 765
40.239258 40.000000736 736
40.229492 40.000000747 747
40.229492 40.000000747 747
40.273438 40.000000699 699
40.319336 40.000000648 648
40.337891 40.000000628 628
40.357422 40.000000606 606
40.373047 40.000000589 589
40.385742 40.000000575 575
40.366211 40.000000597 597
40.342773 40.000000622 622
40.291016 40.000000679 679
40.244141 40.000000731 731
40.192383 40.000000788 788
40.179688 40.000000802 802
40.160156 40.000000823 823
40.170898 40.000000812 812
40.158203 40.000000825 825
40.217773 40.000000760 760
40.204102 40.000000775 775
40.242188 40.000000733 733
40.250000 40.000000725 725
40.337891 40.000000628 628
40.339844 40.000000626 626
40.330078 40.000000636 636
40.284180 40.000000687 687
40.241211 40.000000734 734
40.208008 40.000000771 771
40.200195 40.000000779 779
40.195313 40.000000785 785
40.238281 40.000000737 737
40.253906 40.000000720 720
40.321289 40.000000646 646
40.328125 40.000000639 639
40.385742 40.000000575 575
40.359375 40.000000604 604
40.359375 40.000000604 604
40.311523 40.000000657 657
40.298828 40.000000671 671
40.212891 40.000000765 765
40.185547 40.000000795 795
40.170898 40.000000812 812
40.213867 40.000000764 764
40.203125 40.000000776 776
40.208008 40.000000771 771
40.260742 40.000000713 713
40.275391 40.000000697 697
40.316406 40.000000651 651
40.351563 40.000000613 613
40.375000 40.000000587 587
40.440430 40.000000515 515
40.448242 40.000000506 506
40.479492 40.000000472 472
40.488281 40.000000462 462
40.460938 40.000000492 492
40.423828 40.000000533 533
40.382813 40.000000578 578
40.364258 40.000000599 599
40.319336 40.000000648 648
40.244141 40.000000731 731
40.210938 40.000000767 767
40.149414 40.000000835 835
40.100586 40.000000889 889
40.087891 40.000000903 903
40.129883 40.000000857 857
40.161133 40.000000822 822
40.229492 40.000000747 747
40.268555 40.000000704 704
40.291016 40.000000679 679
40.358398 40.000000605 605
40.385742 40.000000575 575
40.361328 40.000000602 602
40.310547 40.000000658 658
40.312500 40.000000656 656
40.278320 40.000000693 693
40.220703 40.000000757 757
40.191406 40.000000789 789
40.179688 40.000000802 802
40.194336 40.000000786 786
40.183594 40.000000798 798
40.221680 40.000000756 756
40.250000 40.000000725 725
40.297852 40.000000672 672
40.340820 40.000000625 625
40.371094 40.000000591 591
40.398438 40.000000561 561
40.351563 40.000000613 613
40.354492 40.000000610 610
40.311523 40.000000657 657
40.241211 40.000000734 734
40.230469 40.000000746 746
40.221680 40.000000756 756
40.203125 40.000000776 776
40.237305 40.000000738 738
40.255859 40.000000718 718
40.267578 40.000000705 705
40.319336 40.000000648 648
40.355469 40.000000608 608
40.397461 40.000000562 562
40.379883 40.000000582 582
40.409180 40.000000549 549
40.359375 40.000000604 604
40.325195 40.000000642 642
40.273438 40.000000699 699
40.254883 40.000000719 719
40.216797 40.000000761 761
40.168945 40.000000814 814
40.169922 40.000000813 813
40.189453 40.000000791 791
40.230469 40.000000746 746
40.228516 40.000000748 748
40.281250 40.000000690 690
40.293945 40.000000676 676
40.324219 40.000000643 643
40.413086 40.000000545 545
40.413086 40.000000545 545
40.437500 40.000000518 518
40.418945 40.000000539 539
40.382813 40.000000578 578
40.393555 40.000000567 567
40.307617 40.000000661 661
40.267578 40.000000705 705
40.220703 40.000000757 757
40.190430 40.000000790 790
40.181641 40.000000800 800
40.162109 40.000000821 821
40.217773 40.000000760 760
40.187500 40.000000793 793
40.232422 40.000000744 744
40.204102 40.000000775 775
40.262695 40.000000711 711
40.333984 40.000000632 632
40.379883 40.000000582 582
40.427734 40.000000529 529
40.449219 40.000000505 505
40.491211 40.000000459 459
40.467773 40.000000485 485
40.446289 40.000000509 509
40.441406 40.000000514 514
40.416016 40.000000542 542
40.378906 40.000000583 583
40.327148 40.000000640 640
40.280273 40.000000691 691
40.238281 40.000000737 737
40.233398 40.000000743 743
40.212891 40.000000765 765
40.237305 40.000000738 738
40.235352 40.000000741 741
40.285156 40.000000686 686
40.291016 40.000000679 679
40.316406 40.000000651 651
40.342773 40.000000622 622
40.324219 40.000000643 643
40.332031 40.000000634 634
40.254883 40.000000719 719
40.217773 40.000000760 760
40.212891 40.000000765 765
40.192383 40.000000788 788
40.208008 40.000000771 771
40.179688 40.000000802 802
40.244141 40.000000731 731
40.262695 40.000000711 711
40.291016 40.000000679 679
40.312500 40.000000656 656
40.333008 40.000000633 633
40.389648 40.000000571 571
40.404297 40.000000555 555
40.422852 40.000000534 534
40.436523 40.000000519 519
40.340820 40.000000625 625
40.213867 40.000000764 764
40.142578 40.000000843 843
40.110352 40.000000878 878
40.166016 40.000000817 817
40.190430 40.000000790 790
40.272461 40.000000700 700
40.273438 40.000000699 699
40.348633 40.000000616 616
40.378906 40.000000583 583
40.402344 40.000000557 557
40.382813 40.000000578 578
40.311523 40.000000657 657
40.285156 40.000000686 686
40.260742 40.000000713 713
40.232422 40.000000744 744
40.256836 40.000000717 717
40.221680 40.000000756 756
40.229492 40.000000747 747
40.243164 40.000000732 732
40.277344 40.000000694 694
40.297852 40.000000672 672
40.290039 40.000000680 680
40.320313 40.000000647 647
40.265625 40.000000707 707
40.285156 40.000000686 686
40.248047 40.000000727 727
40.219727 40.000000758 758
40.203125 40.000000776 776
40.174805 40.000000807 807
40.212891 40.000000765 765
40.210938 40.000000767 767
40.237305 40.000000738 738
40.264648 40.000000708 708
40.316406 40.000000651 651
40.337891 40.000000628 628
40.383789 40.000000577 577
40.452148 40.000000502 502
40.406250 40.000000553 553
40.475586 40.000000476 476
40.449219 40.000000505 505
40.406250 40.000000553 553
40.366211 40.000000597 597
40.349609 40.000000615 615
40.310547 40.000000658 658
40.277344 40.000000694 694
40.230469 40.000000746 746
40.224609 40.000000752 752
40.259766 40.000000714 714
40.263672 40.000000709 709
40.312500 40.000000656 656
40.320313 40.000000647 647
40.320313 40.000000647 647
40.336914 40.000000629 629
40.314453 40.000000654 654
40.299805 40.000000670 670
40.226563 40.000000750 750
40.224609 40.000000752 752
40.190430 40.000000790 790
40.177734 40.000000804 804
40.176758 40.000000805 805
40.248047 40.000000727 727
40.222656 40.000000755 755
40.273438 40.000000699 699
40.314453 40.000000654 654
40.339844 40.000000626 626
40.332031 40.000000634 634
40.276367 40.000000695 695
40.260742 40.000000713 713
