23.067383 40.000000 23012.40 19999 19999
25.098633 40.000000 20371.78 19999 19999
27.673828 40.000000 17024.02 17024 17024
30.081055 40.000000 13894.63 13894 13894
32.043945 40.000000 11342.87 11342 11342
33.392578 40.000000 9589.65 9589 9589
34.249023 40.000000 8476.27 8476 8476
34.814453 40.000000 7741.21 7741 7741
35.166016 40.000000 7284.18 7284 7284
35.449219 40.000000 6916.02 6916 6916
35.647461 40.000000 6658.30 6658 6658
35.826172 40.000000 6425.98 6425 6425
35.967773 40.000000 6241.89 6241 6241
36.114258 40.000000 6051.46 6051 6051
36.255859 40.000000 5867.38 5867 5867
36.356445 40.000000 5736.62 5736 5736
36.480469 40.000000 5575.39 5575 5575
36.591797 40.000000 5430.66 5430 5430
36.683594 40.000000 5311.33 5311 5311
36.797852 40.000000 5162.79 5162 5162
36.896484 40.000000 5034.57 5034 5034
36.984375 40.000000 4920.31 4920 4920
37.082031 40.000000 4793.36 4793 4793
37.199219 40.000000 4641.02 4641 4641
37.310547 40.000000 4496.29 4496 4496
37.335938 40.000000 4463.28 4463 4463
37.427734 40.000000 4343.95 4343 4343
37.439453 40.000000 4328.71 4328 4328
37.513672 40.000000 4232.23 4232 4232
37.534180 40.000000 4205.57 4205 4205
37.560547 40.000000 4171.29 4171 4171
37.621094 40.000000 4092.58 4092 4092
37.667969 40.000000 4031.64 4031 4031
37.730469 40.000000 3950.39 3950 3950
37.751953 40.000000 3922.46 3922 3922
37.795898 40.000000 3865.33 3865 3865
37.852539 40.000000 3791.70 3791 3791
37.891602 40.000000 3740.92 3740 3740
37.977539 40.000000 3629.20 3629 3629
38.038086 40.000000 3550.49 3550 3550
38.091797 40.000000 3480.66 3480 3480
38.092773 40.000000 3479.39 3479 3479
38.127930 40.000000 3433.69 3433 3433
38.151367 40.000000 3403.22 3403 3403
38.197266 40.000000 3343.55 3343 3343
38.285156 40.000000 3229.30 3229 3229
38.291016 40.000000 3221.68 3221 3221
38.320313 40.000000 3183.59 3183 3183
38.342773 40.000000 3154.39 3154 3154
38.336914 40.000000 3162.01 3162 3162
38.387695 40.000000 3096.00 3095 3095
38.439453 40.000000 3028.71 3028 3028
38.458008 40.000000 3004.59 3004 3004
38.515625 40.000000 2929.69 2929 2929
38.534180 40.000000 2905.57 2905 2905
38.589844 40.000000 2833.20 2833 2833
38.612305 40.000000 2804.00 2804 2804
38.583008 40.000000 2842.09 2842 2842
38.599609 40.000000 2820.51 2820 2820
38.575195 40.000000 2852.25 2852 2852
38.603516 40.000000 2815.43 2815 2815
38.601563 40.000000 2817.97 2817 2817
38.637695 40.000000 2771.00 2770 2770
38.634766 40.000000 2774.80 2774 2774
38.660156 40.000000 2741.80 2741 2741
38.691406 40.000000 2701.17 2701 2701
38.751953 40.000000 2622.46 2622 2622
38.740234 40.000000 2637.70 2637 2637
38.796875 40.000000 2564.06 2564 2564
38.803711 40.000000 2555.18 2555 2555
38.766602 40.000000 2603.42 2603 2603
38.771484 40.000000 2597.07 2597 2597
38.760742 40.000000 2611.04 2611 2611
38.788086 40.000000 2575.49 2575 2575
38.771484 40.000000 2597.07 2597 2597
38.784180 40.000000 2580.57 2580 2580
38.771484 40.000000 2597.07 2597 2597
38.790039 40.000000 2572.95 2572 2572
38.832031 40.000000 2518.36 2518 2518
38.813477 40.000000 2542.48 2542 2542
38.872070 40.000000 2466.31 2466 2466
38.868164 40.000000 2471.39 2471 2471
38.872070 40.000000 2466.31 2466 2466
38.904297 40.000000 2424.41 2424 2424
38.925781 40.000000 2396.48 2396 2396
39.013672 40.000000 2282.23 2282 2282
39.038086 40.000000 2250.49 2250 2250
39.088867 40.000000 2184.47 2184 2184
39.091797 40.000000 2180.66 2180 2180
39.088867 40.000000 2184.47 2184 2184
39.136719 40.000000 2122.27 2122 2122
39.144531 40.000000 2112.11 2112 2112
39.125977 40.000000 2136.23 2136 2136
39.094727 40.000000 2176.86 2176 2176
39.095703 40.000000 2175.59 2175 2175
39.088867 40.000000 2184.47 2184 2184
39.088867 40.000000 2184.47 2184 2184
39.094727 40.000000 2176.86 2176 2176
39.091797 40.000000 2180.66 2180 2180
39.095703 40.000000 2175.59 2175 2175
39.179688 40.000000 2066.41 2066 2066
39.235352 40.000000 1994.04 1994 1994
39.224609 40.000000 2008.01 2008 2008
39.214844 40.000000 2020.70 2020 2020
39.226563 40.000000 2005.47 2005 2005
39.210938 40.000000 2025.78 2025 2025
39.226563 40.000000 2005.47 2005 2005
39.253906 40.000000 1969.92 1969 1969
39.248047 40.000000 1977.54 1977 1977
39.227539 40.000000 2004.20 2004 2004
39.254883 40.000000 1968.65 1968 1968
39.273438 40.000000 1944.53 1944 1944
39.267578 40.000000 1952.15 1952 1952
39.276367 40.000000 1940.72 1940 1940
39.300781 40.000000 1908.98 1908 1908
39.315430 40.000000 1889.94 1889 1889
39.299805 40.000000 1910.25 1910 1910
39.346680 40.000000 1849.32 1849 1849
39.368164 40.000000 1821.39 1821 1821
39.353516 40.000000 1840.43 1840 1840
39.370117 40.000000 1818.85 1818 1818
39.401367 40.000000 1778.22 1778 1778
39.385742 40.000000 1798.54 1798 1798
39.389648 40.000000 1793.46 1793 1793
39.385742 40.000000 1798.54 1798 1798
39.451172 40.000000 1713.48 1713 1713
39.465820 40.000000 1694.43 1694 1694
39.485352 40.000000 1669.04 1669 1669
39.532227 40.000000 1608.11 1608 1608
39.487305 40.000000 1666.50 1666 1666
39.481445 40.000000 1674.12 1674 1674
39.455078 40.000000 1708.40 1708 1708
39.411133 40.000000 1765.53 1765 1765
39.381836 40.000000 1803.61 1803 1803
39.371094 40.000000 1817.58 1817 1817
39.389648 40.000000 1793.46 1793 1793
39.369141 40.000000 1820.12 1820 1820
39.386719 40.000000 1797.27 1797 1797
39.404297 40.000000 1774.41 1774 1774
39.443359 40.000000 1723.63 1723 1723
39.468750 40.000000 1690.63 1690 1690
39.523438 40.000000 1619.53 1619 1619
39.540039 40.000000 1597.95 1597 1597
39.540039 40.000000 1597.95 1597 1597
39.502930 40.000000 1646.19 1646 1646
39.495117 40.000000 1656.35 1656 1656
39.482422 40.000000 1672.85 1672 1672
39.458984 40.000000 1703.32 1703 1703
39.452148 40.000000 1712.21 1712 1712
39.471680 40.000000 1686.82 1686 1686
39.485352 40.000000 1669.04 1669 1669
39.464844 40.000000 1695.70 1695 1695
39.454102 40.000000 1709.67 1709 1709
39.465820 40.000000 1694.43 1694 1694
39.467773 40.000000 1691.89 1691 1691
39.457031 40.000000 1705.86 1705 1705
39.475586 40.000000 1681.74 1681 1681
39.510742 40.000000 1636.04 1636 1636
39.577148 40.000000 1549.71 1549 1549
39.572266 40.000000 1556.05 1556 1556
39.567383 40.000000 1562.40 1562 1562
39.518555 40.000000 1625.88 1625 1625
39.498047 40.000000 1652.54 1652 1652
39.464844 40.000000 1695.70 1695 1695
39.434570 40.000000 1735.06 1735 1735
39.432617 40.000000 1737.60 1737 1737
39.476563 40.000000 1680.47 1680 1680
39.489258 40.000000 1663.96 1663 1663
39.512695 40.000000 1633.50 1633 1633
39.518555 40.000000 1625.88 1625 1625
39.533203 40.000000 1606.84 1606 1606
39.523438 40.000000 1619.53 1619 1619
39.532227 40.000000 1608.11 1608 1608
39.563477 40.000000 1567.48 1567 1567
39.548828 40.000000 1586.52 1586 1586
39.541992 40.000000 1595.41 1595 1595
39.549805 40.000000 1585.25 1585 1585
39.566406 40.000000 1563.67 1563 1563
39.540039 40.000000 1597.95 1597 1597
39.591797 40.000000 1530.66 1530 1530
39.553711 40.000000 1580.18 1580 1580
39.591797 40.000000 1530.66 1530 1530
39.589844 40.000000 1533.20 1533 1533
39.641602 40.000000 1465.92 1465 1465
39.620117 40.000000 1493.85 1493 1493
39.648438 40.000000 1457.03 1457 1457
39.643555 40.000000 1463.38 1463 1463
39.643555 40.000000 1463.38 1463 1463
39.656250 40.000000 1446.88 1446 1446
39.679688 40.000000 1416.41 1416 1416
39.709961 40.000000 1377.05 1377 1377
39.739258 40.000000 1338.96 1338 1338
39.708008 40.000000 1379.59 1379 1379
39.729492 40.000000 1351.66 1351 1351
39.734375 40.000000 1345.31 1345 1345
39.740234 40.000000 1337.70 1337 1337
39.768555 40.000000 1300.88 1300 1300
39.745117 40.000000 1331.35 1331 1331
39.744141 40.000000 1332.62 1332 1332
39.747070 40.000000 1328.81 1328 1328
39.778320 40.000000 1288.18 1288 1288
39.768555 40.000000 1300.88 1300 1300
39.761719 40.000000 1309.77 1309 1309
39.803711 40.000000 1255.18 1255 1255
39.795898 40.000000 1265.33 1265 1265
39.803711 40.000000 1255.18 1255 1255
39.816406 40.000000 1238.67 1238 1238
39.841797 40.000000 1205.66 1205 1205
39.846680 40.000000 1199.32 1199 1199
39.834961 40.000000 1214.55 1214 1214
39.774414 40.000000 1293.26 1293 1293
39.739258 40.000000 1338.96 1338 1338
39.706055 40.000000 1382.13 1382 1382
39.701172 40.000000 1388.48 1388 1388
39.689453 40.000000 1403.71 1403 1403
39.674805 40.000000 1422.75 1422 1422
39.639648 40.000000 1468.46 1468 1468
39.639648 40.000000 1468.46 1468 1468
39.648438 40.000000 1457.03 1457 1457
39.635742 40.000000 1473.54 1473 1473
39.682617 40.000000 1412.60 1412 1412
39.713867 40.000000 1371.97 1371 1371
39.725586 40.000000 1356.74 1356 1356
39.723633 40.000000 1359.28 1359 1359
39.716797 40.000000 1368.16 1368 1368
39.742188 40.000000 1335.16 1335 1335
39.722656 40.000000 1360.55 1360 1360
39.808594 40.000000 1248.83 1248 1248
39.796875 40.000000 1264.06 1264 1264
39.813477 40.000000 1242.48 1242 1242
39.755859 40.000000 1317.38 1317 1317
39.795898 40.000000 1265.33 1265 1265
39.826172 40.000000 1225.98 1225 1225
39.865234 40.000000 1175.20 1175 1175
39.872070 40.000000 1166.31 1166 1166
39.803711 40.000000 1255.18 1255 1255
39.720703 40.000000 1363.09 1363 1363
39.689453 40.000000 1403.71 1403 1403
39.667969 40.000000 1431.64 1431 1431
39.693359 40.000000 1398.63 1398 1398
39.663086 40.000000 1437.99 1437 1437
39.616211 40.000000 1498.93 1498 1498
39.657227 40.000000 1445.61 1445 1445
39.662109 40.000000 1439.26 1439 1439
39.674805 40.000000 1422.75 1422 1422
39.635742 40.000000 1473.54 1473 1473
39.628906 40.000000 1482.42 1482 1482
39.663086 40.000000 1437.99 1437 1437
39.699219 40.000000 1391.02 1391 1391
39.735352 40.000000 1344.04 1344 1344
39.734375 40.000000 1345.31 1345 1345
39.705078 40.000000 1383.40 1383 1383
39.686523 40.000000 1407.52 1407 1407
39.673828 40.000000 1424.02 1424 1424
39.747070 40.000000 1328.81 1328 1328
39.777344 40.000000 1289.45 1289 1289
39.768555 40.000000 1300.88 1300 1300
39.721680 40.000000 1361.82 1361 1361
39.732422 40.000000 1347.85 1347 1347
39.765625 40.000000 1304.69 1304 1304
39.833008 40.000000 1217.09 1217 1217
39.817383 40.000000 1237.40 1237 1237
39.756836 40.000000 1316.11 1316 1316
39.770508 40.000000 1298.34 1298 1298
39.828125 40.000000 1223.44 1223 1223
39.791992 40.000000 1270.41 1270 1270
39.788086 40.000000 1275.49 1275 1275
39.766602 40.000000 1303.42 1303 1303
39.773438 40.000000 1294.53 1294 1294
39.745117 40.000000 1331.35 1331 1331
39.770508 40.000000 1298.34 1298 1298
39.759766 40.000000 1312.30 1312 1312
39.769531 40.000000 1299.61 1299 1299
39.765625 40.000000 1304.69 1304 1304
39.727539 40.000000 1354.20 1354 1354
39.766602 40.000000 1303.42 1303 1303
39.779297 40.000000 1286.91 1286 1286
39.791016 40.000000 1271.68 1271 1271
39.756836 40.000000 1316.11 1316 1316
39.755859 40.000000 1317.38 1317 1317
39.756836 40.000000 1316.11 1316 1316
39.734375 40.000000 1345.31 1345 1345
39.743164 40.000000 1333.89 1333 1333
39.750977 40.000000 1323.73 1323 1323
39.713867 40.000000 1371.97 1371 1371
39.701172 40.000000 1388.48 1388 1388
39.727539 40.000000 1354.20 1354 1354
39.726563 40.000000 1355.47 1355 1355
39.680664 40.000000 1415.14 1415 1415
39.691406 40.000000 1401.17 1401 1401
39.692383 40.000000 1399.90 1399 1399
39.667969 40.000000 1431.64 1431 1431
39.665039 40.000000 1435.45 1435 1435
39.677734 40.000000 1418.95 1418 1418
39.702148 40.000000 1387.21 1387 1387
39.688477 40.000000 1404.98 1404 1404
39.705078 40.000000 1383.40 1383 1383
39.670898 40.000000 1427.83 1427 1427
39.744141 40.000000 1332.62 1332 1332
39.753906 40.000000 1319.92 1319 1319
39.798828 40.000000 1261.52 1261 1261
39.834961 40.000000 1214.55 1214 1214
39.825195 40.000000 1227.25 1227 1227
39.826172 40.000000 1225.98 1225 1225
39.821289 40.000000 1232.32 1232 1232
39.809570 40.000000 1247.56 1247 1247
39.803711 40.000000 1255.18 1255 1255
39.800781 40.000000 1258.98 1258 1258
39.799805 40.000000 1260.25 1260 1260
39.770508 40.000000 1298.34 1298 1298
39.781250 40.000000 1284.38 1284 1284

39.775391 40.000000 1291.99 1291 1291
39.790039 40.000000 1272.95 1272 1272
39.769531 40.000000 1299.61 1299 1299
39.781250 40.000000 1284.38 1284 1284
39.788086 40.000000 1275.49 1275 1275
39.759766 40.000000 1312.30 1312 1312
39.750977 40.000000 1323.73 1323 1323
39.788086 40.000000 1275.49 1275 1275
39.781250 40.000000 1284.38 1284 1284
39.751953 40.000000 1322.46 1322 1322
39.794922 40.000000 1266.60 1266 1266
39.766602 40.000000 1303.42 1303 1303
39.788086 40.000000 1275.49 1275 1275
39.787109 40.000000 1276.76 1276 1276
39.757813 40.000000 1314.84 1314 1314
39.778320 40.000000 1288.18 1288 1288
39.812500 40.000000 1243.75 1243 1243
39.872070 40.000000 1166.31 1166 1166
39.907227 40.000000 1120.61 1120 1120
39.869141 40.000000 1170.12 1170 1170
39.816406 40.000000 1238.67 1238 1238
39.833984 40.000000 1215.82 1215 1215
39.817383 40.000000 1237.40 1237 1237
39.800781 40.000000 1258.98 1258 1258
39.803711 40.000000 1255.18 1255 1255
39.811523 40.000000 1245.02 1245 1245
39.828125 40.000000 1223.44 1223 1223
39.858398 40.000000 1184.08 1184 1184
39.845703 40.000000 1200.59 1200 1200
39.846680 40.000000 1199.32 1199 1199
39.816406 40.000000 1238.67 1238 1238
39.812500 40.000000 1243.75 1243 1243
39.816406 40.000000 1238.67 1238 1238
39.829102 40.000000 1222.17 1222 1222
39.860352 40.000000 1181.54 1181 1181
39.828125 40.000000 1223.44 1223 1223
39.847656 40.000000 1198.05 1198 1198
39.891602 40.000000 1140.92 1140 1140
39.850586 40.000000 1194.24 1194 1194
39.876953 40.000000 1159.96 1159 1159
39.852539 40.000000 1191.70 1191 1191
39.831055 40.000000 1219.63 1219 1219
39.791992 40.000000 1270.41 1270 1270
39.822266 40.000000 1231.05 1231 1231
39.846680 40.000000 1199.32 1199 1199
39.880859 40.000000 1154.88 1154 1154
39.876953 40.000000 1159.96 1159 1159
39.886719 40.000000 1147.27 1147 1147
39.889648 40.000000 1143.46 1143 1143
39.903320 40.000000 1125.68 1125 1125
39.870117 40.000000 1168.85 1168 1168
39.849609 40.000000 1195.51 1195 1195
39.874023 40.000000 1163.77 1163 1163
39.874023 40.000000 1163.77 1163 1163
39.867188 40.000000 1172.66 1172 1172
39.891602 40.000000 1140.92 1140 1140
39.910156 40.000000 1116.80 1116 1116
39.936523 40.000000 1082.52 1082 1082
39.923828 40.000000 1099.02 1099 1099
39.891602 40.000000 1140.92 1140 1140
39.868164 40.000000 1171.39 1171 1171
39.858398 40.000000 1184.08 1184 1184
39.839844 40.000000 1208.20 1208 1208
39.861328 40.000000 1180.27 1180 1180
39.895508 40.000000 1135.84 1135 1135
39.901367 40.000000 1128.22 1128 1128
39.895508 40.000000 1135.84 1135 1135
39.881836 40.000000 1153.61 1153 1153
39.908203 40.000000 1119.34 1119 1119
39.907227 40.000000 1120.61 1120 1120
39.929688 40.000000 1091.41 1091 1091
39.910156 40.000000 1116.80 1116 1116
39.915039 40.000000 1110.45 1110 1110
39.904297 40.000000 1124.41 1124 1124
39.903320 40.000000 1125.68 1125 1125
39.908203 40.000000 1119.34 1119 1119
39.872070 40.000000 1166.31 1166 1166
39.824219 40.000000 1228.52 1228 1228
39.818359 40.000000 1236.13 1236 1236
39.897461 40.000000 1133.30 1133 1133
39.912109 40.000000 1114.26 1114 1114
39.941406 40.000000 1076.17 1076 1076
39.958984 40.000000 1053.32 1053 1053
39.946289 40.000000 1069.82 1069 1069
39.977539 40.000000 1029.20 1029 1029
39.979492 40.000000 1026.66 1026 1026
39.965820 40.000000 1044.43 1044 1044
39.949219 40.000000 1066.02 1066 1066
40.015625 40.000000 979.69 979 979
40.002930 40.000000 996.19 996 996
39.938477 40.000000 1079.98 1079 1079

39.881836 40.000000 1153.61 1153 1153
39.895508 40.000000 1135.84 1135 1135
39.915039 40.000000 1110.45 1110 1110
39.895508 40.000000 1135.84 1135 1135
39.940430 40.000000 1077.44 1077 1077
39.945313 40.000000 1071.09 1071 1071
39.881836 40.000000 1153.61 1153 1153

39.879883 40.000000 1156.15 1156 1156
39.888672 40.000000 1144.73 1144 1144
39.881836 40.000000 1153.61 1153 1153
39.901367 40.000000 1128.22 1128 1128
39.920898 40.000000 1102.83 1102 1102
39.927734 40.000000 1093.95 1093 1093
39.936523 40.000000 1082.52 1082 1082

39.950195 40.000000 1064.75 1064 1064
39.971680 40.000000 1036.82 1036 1036
39.988281 40.000000 1015.23 1015 1015
39.989258 40.000000 1013.96 1013 1013
40.027344 40.000000 964.45 964 964
40.023438 40.000000 969.53 969 969
40.000977 40.000000 998.73 998 998
40.049805 40.000000 935.25 935 935
40.030273 40.000000 960.64 960 960
39.989258 40.000000 1013.96 1013 1013
39.944336 40.000000 1072.36 1072 1072
39.915039 40.000000 1110.45 1110 1110
39.881836 40.000000 1153.61 1153 1153
39.907227 40.000000 1120.61 1120 1120
39.877930 40.000000 1158.69 1158 1158
39.947266 40.000000 1068.55 1068 1068
39.959961 40.000000 1052.05 1052 1052
39.961914 40.000000 1049.51 1049 1049
39.999023 40.000000 1001.27 1001 1001
40.006836 40.000000 991.11 991 991
40.022461 40.000000 970.80 970 970
40.037109 40.000000 951.76 951 951
40.039063 40.000000 949.22 949 949
40.017578 40.000000 977.15 977 977
40.024414 40.000000 968.26 968 968
40.036133 40.000000 953.03 953 953
40.073242 40.000000 904.79 904 904
40.080078 40.000000 895.90 895 895
40.088867 40.000000 884.47 884 884
40.074219 40.000000 903.52 903 903
40.099609 40.000000 870.51 870 870
40.073242 40.000000 904.79 904 904
40.097656 40.000000 873.05 873 873
40.049805 40.000000 935.25 935 935
40.037109 40.000000 951.76 951 951
40.022461 40.000000 970.80 970 970
39.993164 40.000000 1008.89 1008 1008
39.956055 40.000000 1057.13 1057 1057
39.920898 40.000000 1102.83 1102 1102
39.920898 40.000000 1102.83 1102 1102
39.912109 40.000000 1114.26 1114 1114
39.902344 40.000000 1126.95 1126 1126
39.891602 40.000000 1140.92 1140 1140
39.879883 40.000000 1156.15 1156 1156
39.877930 40.000000 1158.69 1158 1158
39.899414 40.000000 1130.76 1130 1130
39.950195 40.000000 1064.75 1064 1064
39.955078 40.000000 1058.40 1058 1058
39.974609 40.000000 1033.01 1033 1033
40.004883 40.000000 993.65 993 993
39.968750 40.000000 1040.63 1040 1040
40.015625 40.000000 979.69 979 979
40.009766 40.000000 987.30 987 987
39.968750 40.000000 1040.63 1040 1040
39.903320 40.000000 1125.68 1125 1125
39.885742 40.000000 1148.54 1148 1148
39.933594 40.000000 1086.33 1086 1086
39.965820 40.000000 1044.43 1044 1044
39.898438 40.000000 1132.03 1132 1132
39.899414 40.000000 1130.76 1130 1130
39.881836 40.000000 1153.61 1153 1153
39.868164 40.000000 1171.39 1171 1171
39.902344 40.000000 1126.95 1126 1126
39.929688 40.000000 1091.41 1091 1091
39.947266 40.000000 1068.55 1068 1068
39.934570 40.000000 1085.06 1085 1085
39.996094 40.000000 1005.08 1005 1005
39.996094 40.000000 1005.08 1005 1005
40.026367 40.000000 965.72 965 965
40.041992 40.000000 945.41 945 945
40.033203 40.000000 956.84 956 956
40.095703 40.000000 875.59 875 875
40.078125 40.000000 898.44 898 898
40.073242 40.000000 904.79 904 904
40.106445 40.000000 861.62 861 861
40.108398 40.000000 859.08 859 859
40.122070 40.000000 841.31 841 841
40.125977 40.000000 836.23 836 836
40.110352 40.000000 856.54 856 856
40.096680 40.000000 874.32 874 874
40.113281 40.000000 852.73 852 852
40.086914 40.000000 887.01 887 887
40.083008 40.000000 892.09 892 892
40.024414 40.000000 968.26 968 968
40.017578 40.000000 977.15 977 977
39.962891 40.000000 1048.24 1048 1048
39.937500 40.000000 1081.25 1081 1081
39.916016 40.000000 1109.18 1109 1109
39.876953 40.000000 1159.96 1159 1159
39.916016 40.000000 1109.18 1109 1109
39.967773 40.000000 1041.89 1041 1041
39.958984 40.000000 1053.32 1053 1053
39.929688 40.000000 1091.41 1091 1091
39.925781 40.000000 1096.48 1096 1096
39.925781 40.000000 1096.48 1096 1096
39.959961 40.000000 1052.05 1052 1052
39.974609 40.000000 1033.01 1033 1033
40.004883 40.000000 993.65 993 993
40.030273 40.000000 960.64 960 960
39.994141 40.000000 1007.62 1007 1007
39.947266 40.000000 1068.55 1068 1068
39.976563 40.000000 1030.47 1030 1030
39.979492 40.000000 1026.66 1026 1026
40.008789 40.000000 988.57 988 988
40.067383 40.000000 912.40 912 912
40.018555 40.000000 975.88 975 975
40.009766 40.000000 987.30 987 987
39.993164 40.000000 1008.89 1008 1008
40.018555 40.000000 975.88 975 975
39.999023 40.000000 1001.27 1001 1001
39.979492 40.000000 1026.66 1026 1026
40.017578 40.000000 977.15 977 977
40.019531 40.000000 974.61 974 974
40.011719 40.000000 984.77 984 984
39.966797 40.000000 1043.16 1043 1043
39.951172 40.000000 1063.48 1063 1063
39.934570 40.000000 1085.06 1085 1085
39.959961 40.000000 1052.05 1052 1052
39.951172 40.000000 1063.48 1063 1063
39.941406 40.000000 1076.17 1076 1076
39.918945 40.000000 1105.37 1105 1105
39.872070 40.000000 1166.31 1166 1166
39.893555 40.000000 1138.38 1138 1138
39.868164 40.000000 1171.39 1171 1171
39.882813 40.000000 1152.34 1152 1152
39.899414 40.000000 1130.76 1130 1130

39.925781 40.000000 1096.48 1096 1096
39.945313 40.000000 1071.09 1071 1071
39.987305 40.000000 1016.50 1016 1016
40.004883 40.000000 993.65 993 993
40.023438 40.000000 969.53 969 969
40.013672 40.000000 982.23 982 982
40.000977 40.000000 998.73 998 998
39.981445 40.000000 1024.12 1024 1024
39.956055 40.000000 1057.13 1057 1057
39.916992 40.000000 1107.91 1107 1107
39.902344 40.000000 1126.95 1126 1126
39.916016 40.000000 1109.18 1109 1109
39.972656 40.000000 1035.55 1035 1035
39.945313 40.000000 1071.09 1071 1071
39.931641 40.000000 1088.87 1088 1088
39.868164 40.000000 1171.39 1171 1171
39.903320 40.000000 1125.68 1125 1125
39.872070 40.000000 1166.31 1166 1166
39.932617 40.000000 1087.60 1087 1087
39.968750 40.000000 1040.63 1040 1040
40.004883 40.000000 993.65 993 993
40.057617 40.000000 925.10 925 925
40.028320 40.000000 963.18 963 963
39.974609 40.000000 1033.01 1033 1033
39.977539 40.000000 1029.20 1029 1029
39.966797 40.000000 1043.16 1043 1043
40.010742 40.000000 986.04 986 986
39.999023 40.000000 1001.27 1001 1001
39.938477 40.000000 1079.98 1079 1079
39.922852 40.000000 1100.29 1100 1100
39.993164 40.000000 1008.89 1008 1008
40.008789 40.000000 988.57 988 988
39.962891 40.000000 1048.24 1048 1048
39.956055 40.000000 1057.13 1057 1057
39.979492 40.000000 1026.66 1026 1026
39.996094 40.000000 1005.08 1005 1005
40.011719 40.000000 984.77 984 984
39.990234 40.000000 1012.70 1012 1012
39.976563 40.000000 1030.47 1030 1030
40.000977 40.000000 998.73 998 998
39.998047 40.000000 1002.54 1002 1002
40.053711 40.000000 930.18 930 930
40.091797 40.000000 880.66 880 880
40.041992 40.000000 945.41 945 945
39.981445 40.000000 1024.12 1024 1024
39.990234 40.000000 1012.70 1012 1012
40.022461 40.000000 970.80 970 970
40.005859 40.000000 992.38 992 992
40.048828 40.000000 936.52 936 936
40.067383 40.000000 912.40 912 912
40.084961 40.000000 889.55 889 889
40.063477 40.000000 917.48 917 917
40.113281 40.000000 852.73 852 852
40.135742 40.000000 823.54 823 823
40.133789 40.000000 826.07 826 826
40.109375 40.000000 857.81 857 857
40.114258 40.000000 851.46 851 851
40.114258 40.000000 851.46 851 851
40.078125 40.000000 898.44 898 898
40.031250 40.000000 959.38 959 959
40.015625 40.000000 979.69 979 979
39.971680 40.000000 1036.82 1036 1036
39.936523 40.000000 1082.52 1082 1082
39.906250 40.000000 1121.88 1121 1121
39.846680 40.000000 1199.32 1199 1199
39.846680 40.000000 1199.32 1199 1199
39.901367 40.000000 1128.22 1128 1128
39.933594 40.000000 1086.33 1086 1086
39.920898 40.000000 1102.83 1102 1102
39.891602 40.000000 1140.92 1140 1140
39.882813 40.000000 1152.34 1152 1152
39.919922 40.000000 1104.10 1104 1104
39.972656 40.000000 1035.55 1035 1035
39.938477 40.000000 1079.98 1079 1079
39.847656 40.000000 1198.05 1198 1198
39.895508 40.000000 1135.84 1135 1135
39.938477 40.000000 1079.98 1079 1079
39.911133 40.000000 1115.53 1115 1115
39.908203 40.000000 1119.34 1119 1119
39.886719 40.000000 1147.27 1147 1147
39.825195 40.000000 1227.25 1227 1227
39.855469 40.000000 1187.89 1187 1187
39.904297 40.000000 1124.41 1124 1124
39.899414 40.000000 1130.76 1130 1130
39.915039 40.000000 1110.45 1110 1110
39.956055 40.000000 1057.13 1057 1057
40.019531 40.000000 974.61 974 974
39.980469 40.000000 1025.39 1025 1025

40.023438 40.000000 969.53 969 969
40.011719 40.000000 984.77 984 984
40.041992 40.000000 945.41 945 945
40.047852 40.000000 937.79 937 937
40.026367 40.000000 965.72 965 965
39.998047 40.000000 1002.54 1002 1002
39.945313 40.000000 1071.09 1071 1071
39.940430 40.000000 1077.44 1077 1077
39.903320 40.000000 1125.68 1125 1125
39.877930 40.000000 1158.69 1158 1158
39.850586 40.000000 1194.24 1194 1194
39.818359 40.000000 1236.13 1236 1236
39.876953 40.000000 1159.96 1159 1159
39.931641 40.000000 1088.87 1088 1088
39.963867 40.000000 1046.97 1046 1046
39.997070 40.000000 1003.81 1003 1003
40.019531 40.000000 974.61 974 974
40.041992 40.000000 945.41 945 945
39.997070 40.000000 1003.81 1003 1003
40.002930 40.000000 996.19 996 996
40.013672 40.000000 982.23 982 982
40.057617 40.000000 925.10 925 925
39.994141 40.000000 1007.62 1007 1007
39.971680 40.000000 1036.82 1036 1036
40.004883 40.000000 993.65 993 993
40.020508 40.000000 973.34 973 973
39.996094 40.000000 1005.08 1005 1005
39.962891 40.000000 1048.24 1048 1048
39.907227 40.000000 1120.61 1120 1120
39.942383 40.000000 1074.90 1074 1074
39.931641 40.000000 1088.87 1088 1088
39.993164 40.000000 1008.89 1008 1008
39.990234 40.000000 1012.70 1012 1012
39.993164 40.000000 1008.89 1008 1008
39.916992 40.000000 1107.91 1107 1107
39.893555 40.000000 1138.38 1138 1138
39.936523 40.000000 1082.52 1082 1082
39.962891 40.000000 1048.24 1048 1048
39.975586 40.000000 1031.74 1031 1031
40.013672 40.000000 982.23 982 982
40.024414 40.000000 968.26 968 968
39.989258 40.000000 1013.96 1013 1013
39.998047 40.000000 1002.54 1002 1002
40.000977 40.000000 998.73 998 998
40.006836 40.000000 991.11 991 991
40.052734 40.000000 931.45 931 931
40.018555 40.000000 975.88 975 975
39.996094 40.000000 1005.08 1005 1005
40.019531 40.000000 974.61 974 974
40.048828 40.000000 936.52 936 936
40.043945 40.000000 942.87 942 942
40.066406 40.000000 913.67 913 913
40.100586 40.000000 869.24 869 869
40.119141 40.000000 845.12 845 845
40.082031 40.000000 893.36 893 893
40.052734 40.000000 931.45 931 931
40.078125 40.000000 898.44 898 898
40.079102 40.000000 897.17 897 897
40.122070 40.000000 841.31 841 841
40.106445 40.000000 861.62 861 861
40.090820 40.000000 881.93 881 881
40.082031 40.000000 893.36 893 893
40.075195 40.000000 902.25 902 902
40.105469 40.000000 862.89 862 862
40.121094 40.000000 842.58 842 842
40.139648 40.000000 818.46 818 818
40.125977 40.000000 836.23 836 836
40.074219 40.000000 903.52 903 903
40.033203 40.000000 956.84 956 956
40.073242 40.000000 904.79 904 904
40.090820 40.000000 881.93 881 881
40.062500 40.000000 918.75 918 918
40.024414 40.000000 968.26 968 968
39.968750 40.000000 1040.63 1040 1040
39.944336 40.000000 1072.36 1072 1072
39.953125 40.000000 1060.94 1060 1060
39.997070 40.000000 1003.81 1003 1003
40.054688 40.000000 928.91 928 928
39.979492 40.000000 1026.66 1026 1026
39.992188 40.000000 1010.16 1010 1010
39.966797 40.000000 1043.16 1043 1043
39.902344 40.000000 1126.95 1126 1126
39.932617 40.000000 1087.60 1087 1087
39.970703 40.000000 1038.09 1038 1038
39.994141 40.000000 1007.62 1007 1007
40.032227 40.000000 958.11 958 958
40.045898 40.000000 940.33 940 940
40.017578 40.000000 977.15 977 977
40.076172 40.000000 900.98 900 900
40.075195 40.000000 902.25 902 902
40.044922 40.000000 941.60 941 941
40.039063 40.000000 949.22 949 949
39.970703 40.000000 1038.09 1038 1038
39.946289 40.000000 1069.82 1069 1069
39.895508 40.000000 1135.84 1135 1135
39.885742 40.000000 1148.54 1148 1148
39.904297 40.000000 1124.41 1124 1124
39.856445 40.000000 1186.62 1186 1186
39.822266 40.000000 1231.05 1231 1231
39.826172 40.000000 1225.98 1225 1225
39.904297 40.000000 1124.41 1124 1124
39.981445 40.000000 1024.12 1024 1024
39.996094 40.000000 1005.08 1005 1005
40.020508 40.000000 973.34 973 973
40.039063 40.000000 949.22 949 949
40.039063 40.000000 949.22 949 949
40.045898 40.000000 940.33 940 940
40.084961 40.000000 889.55 889 889
40.087891 40.000000 885.74 885 885
40.083984 40.000000 890.82 890 890
40.041016 40.000000 946.68 946 946
40.010742 40.000000 986.04 986 986
40.057617 40.000000 925.10 925 925
40.074219 40.000000 903.52 903 903
40.084961 40.000000 889.55 889 889
40.060547 40.000000 921.29 921 921
40.054688 40.000000 928.91 928 928
40.061523 40.000000 920.02 920 920
40.083984 40.000000 890.82 890 890
40.083008 40.000000 892.09 892 892
40.097656 40.000000 873.05 873 873
40.114258 40.000000 851.46 851 851
40.074219 40.000000 903.52 903 903
40.005859 40.000000 992.38 992 992
39.972656 40.000000 1035.55 1035 1035
39.981445 40.000000 1024.12 1024 1024
39.944336 40.000000 1072.36 1072 1072
39.958984 40.000000 1053.32 1053 1053
40.000977 40.000000 998.73 998 998
40.013672 40.000000 982.23 982 982
40.083008 40.000000 892.09 892 892
40.057617 40.000000 925.10 925 925
40.070313 40.000000 908.59 908 908
40.096680 40.000000 874.32 874 874
40.121094 40.000000 842.58 842 842
40.121094 40.000000 842.58 842 842
40.103516 40.000000 865.43 865 865
40.065430 40.000000 914.94 914 914
40.052734 40.000000 931.45 931 931
40.001953 40.000000 997.46 997 997

39.999023 40.000000 1001.27 1001 1001
39.940430 40.000000 1077.44 1077 1077
39.981445 40.000000 1024.12 1024 1024
39.990234 40.000000 1012.70 1012 1012
39.989258 40.000000 1013.96 1013 1013
40.024414 40.000000 968.26 968 968
40.040039 40.000000 947.95 947 947
40.035156 40.000000 954.30 954 954
39.955078 40.000000 1058.40 1058 1058
39.965820 40.000000 1044.43 1044 1044
39.989258 40.000000 1013.96 1013 1013
40.023438 40.000000 969.53 969 969
40.015625 40.000000 979.69 979 979
39.992188 40.000000 1010.16 1010 1010
39.963867 40.000000 1046.97 1046 1046
39.937500 40.000000 1081.25 1081 1081
39.916992 40.000000 1107.91 1107 1107
39.875977 40.000000 1161.23 1161 1161
39.923828 40.000000 1099.02 1099 1099
39.925781 40.000000 1096.48 1096 1096
39.924805 40.000000 1097.75 1097 1097
39.949219 40.000000 1066.02 1066 1066
39.981445 40.000000 1024.12 1024 1024
40.027344 40.000000 964.45 964 964
40.074219 40.000000 903.52 903 903
40.065430 40.000000 914.94 914 914
40.026367 40.000000 965.72 965 965
39.990234 40.000000 1012.70 1012 1012
39.976563 40.000000 1030.47 1030 1030
39.942383 40.000000 1074.90 1074 1074
39.931641 40.000000 1088.87 1088 1088
39.937500 40.000000 1081.25 1081 1081
39.899414 40.000000 1130.76 1130 1130
39.856445 40.000000 1186.62 1186 1186
39.865234 40.000000 1175.20 1175 1175
39.898438 40.000000 1132.03 1132 1132
39.916992 40.000000 1107.91 1107 1107
39.910156 40.000000 1116.80 1116 1116
39.889648 40.000000 1143.46 1143 1143
39.872070 40.000000 1166.31 1166 1166
39.831055 40.000000 1219.63 1219 1219
39.852539 40.000000 1191.70 1191 1191
39.906250 40.000000 1121.88 1121 1121
39.884766 40.000000 1149.80 1149 1149
39.928711 40.000000 1092.68 1092 1092
39.904297 40.000000 1124.41 1124 1124
39.885742 40.000000 1148.54 1148 1148
39.880859 40.000000 1154.88 1154 1154
39.931641 40.000000 1088.87 1088 1088
39.968750 40.000000 1040.63 1040 1040
40.004883 40.000000 993.65 993 993
40.035156 40.000000 954.30 954 954
40.061523 40.000000 920.02 920 920
40.040039 40.000000 947.95 947 947
40.031250 40.000000 959.38 959 959
40.069336 40.000000 909.86 909 909
40.073242 40.000000 904.79 904 904
40.118164 40.000000 846.39 846 846
40.097656 40.000000 873.05 873 873
40.063477 40.000000 917.48 917 917
40.054688 40.000000 928.91 928 928
39.993164 40.000000 1008.89 1008 1008
39.999023 40.000000 1001.27 1001 1001
39.972656 40.000000 1035.55 1035 1035
39.968750 40.000000 1040.63 1040 1040
39.999023 40.000000 1001.27 1001 1001
40.017578 40.000000 977.15 977 977
40.047852 40.000000 937.79 937 937
40.061523 40.000000 920.02 920 920
40.051758 40.000000 932.71 932 932
40.041016 40.000000 946.68 946 946
40.061523 40.000000 920.02 920 920
40.084961 40.000000 889.55 889 889
40.105469 40.000000 862.89 862 862
40.122070 40.000000 841.31 841 841
40.123047 40.000000 840.04 840 840
40.151367 40.000000 803.22 803 803
40.162109 40.000000 789.26 789 789
40.118164 40.000000 846.39 846 846
40.125977 40.000000 836.23 836 836
40.119141 40.000000 845.12 845 845
40.125000 40.000000 837.50 837 837
40.167969 40.000000 781.64 781 781
40.179688 40.000000 766.41 766 766
40.160156 40.000000 791.80 791 791
40.109375 40.000000 857.81 857 857
40.104492 40.000000 864.16 864 864
40.106445 40.000000 861.62 861 861
40.182617 40.000000 762.60 762 762
40.173828 40.000000 774.02 774 774
40.143555 40.000000 813.38 813 813
40.088867 40.000000 884.47 884 884
40.096680 40.000000 874.32 874 874
40.062500 40.000000 918.75 918 918
40.086914 40.000000 887.01 887 887
40.066406 40.000000 913.67 913 913
40.035156 40.000000 954.30 954 954
40.032227 40.000000 958.11 958 958
40.008789 40.000000 988.57 988 988
40.041016 40.000000 946.68 946 946
40.008789 40.000000 988.57 988 988
40.008789 40.000000 988.57 988 988
39.997070 40.000000 1003.81 1003 1003
39.961914 40.000000 1049.51 1049 1049
39.965820 40.000000 1044.43 1044 1044
40.023438 40.000000 969.53 969 969
39.994141 40.000000 1007.62 1007 1007
40.005859 40.000000 992.38 992 992
39.975586 40.000000 1031.74 1031 1031
39.937500 40.000000 1081.25 1081 1081
39.937500 40.000000 1081.25 1081 1081
39.932617 40.000000 1087.60 1087 1087
39.922852 40.000000 1100.29 1100 1100
39.974609 40.000000 1033.01 1033 1033
39.979492 40.000000 1026.66 1026 1026
39.975586 40.000000 1031.74 1031 1031
39.929688 40.000000 1091.41 1091 1091
39.953125 40.000000 1060.94 1060 1060
39.987305 40.000000 1016.50 1016 1016
39.925781 40.000000 1096.48 1096 1096
39.944336 40.000000 1072.36 1072 1072
39.949219 40.000000 1066.02 1066 1066
39.963867 40.000000 1046.97 1046 1046
39.951172 40.000000 1063.48 1063 1063
39.946289 40.000000 1069.82 1069 1069
39.988281 40.000000 1015.23 1015 1015
39.980469 40.000000 1025.39 1025 1025
39.976563 40.000000 1030.47 1030 1030
40.018555 40.000000 975.88 975 975
40.027344 40.000000 964.45 964 964
39.997070 40.000000 1003.81 1003 1003
40.000977 40.000000 998.73 998 998
40.004883 40.000000 993.65 993 993
40.049805 40.000000 935.25 935 935
40.097656 40.000000 873.05 873 873
40.087891 40.000000 885.74 885 885
40.170898 40.000000 777.83 777 777
40.121094 40.000000 842.58 842 842
40.086914 40.000000 887.01 887 887
40.022461 40.000000 970.80 970 970
40.024414 40.000000 968.26 968 968
39.984375 40.000000 1020.31 1020 1020
39.993164 40.000000 1008.89 1008 1008
39.950195 40.000000 1064.75 1064 1064
39.949219 40.000000 1066.02 1066 1066
39.996094 40.000000 1005.08 1005 1005
40.010742 40.000000 986.04 986 986
40.058594 40.000000 923.83 923 923
40.060547 40.000000 921.29 921 921
40.069336 40.000000 909.86 909 909
40.032227 40.000000 958.11 958 958
40.083008 40.000000 892.09 892 892
40.088867 40.000000 884.47 884 884
40.092773 40.000000 879.39 879 879
40.103516 40.000000 865.43 865 865
40.118164 40.000000 846.39 846 846
40.078125 40.000000 898.44 898 898
40.092773 40.000000 879.39 879 879
40.099609 40.000000 870.51 870 870
40.084961 40.000000 889.55 889 889
40.104492 40.000000 864.16 864 864
40.131836 40.000000 828.61 828 828
40.094727 40.000000 876.86 876 876
40.084961 40.000000 889.55 889 889
40.026367 40.000000 965.72 965 965
40.020508 40.000000 973.34 973 973
40.052734 40.000000 931.45 931 931
39.989258 40.000000 1013.96 1013 1013
39.981445 40.000000 1024.12 1024 1024
39.992188 40.000000 1010.16 1010 1010
39.972656 40.000000 1035.55 1035 1035
39.970703 40.000000 1038.09 1038 1038
39.938477 40.000000 1079.98 1079 1079
39.882813 40.000000 1152.34 1152 1152
39.872070 40.000000 1166.31 1166 1166
39.933594 40.000000 1086.33 1086 1086
39.965820 40.000000 1044.43 1044 1044
40.017578 40.000000 977.15 977 977
40.037109 40.000000 951.76 951 951
40.060547 40.000000 921.29 921 921
40.037109 40.000000 951.76 951 951
39.999023 40.000000 1001.27 1001 1001
39.971680 40.000000 1036.82 1036 1036
39.947266 40.000000 1068.55 1068 1068
39.947266 40.000000 1068.55 1068 1068
39.963867 40.000000 1046.97 1046 1046
39.934570 40.000000 1085.06 1085 1085
39.916992 40.000000 1107.91 1107 1107
39.913086 40.000000 1112.99 1112 1112
39.854492 40.000000 1189.16 1189 1189
39.872070 40.000000 1166.31 1166 1166
39.928711 40.000000 1092.68 1092 1092
39.961914 40.000000 1049.51 1049 1049
40.004883 40.000000 993.65 993 993
40.037109 40.000000 951.76 951 951
40.076172 40.000000 900.98 900 900
40.071289 40.000000 907.32 907 907
40.041992 40.000000 945.41 945 945
39.996094 40.000000 1005.08 1005 1005
39.959961 40.000000 1052.05 1052 1052
39.998047 40.000000 1002.54 1002 1002
40.031250 40.000000 959.38 959 959
40.041992 40.000000 945.41 945 945
40.006836 40.000000 991.11 991 991
39.985352 40.000000 1019.04 1019 1019
39.953125 40.000000 1060.94 1060 1060
39.945313 40.000000 1071.09 1071 1071
39.904297 40.000000 1124.41 1124 1124
39.958008 40.000000 1054.59 1054 1054
39.936523 40.000000 1082.52 1082 1082
39.925781 40.000000 1096.48 1096 1096
39.933594 40.000000 1086.33 1086 1086
39.895508 40.000000 1135.84 1135 1135
39.833984 40.000000 1215.82 1215 1215
39.903320 40.000000 1125.68 1125 1125
39.916016 40.000000 1109.18 1109 1109
39.884766 40.000000 1149.80 1149 1149
39.863281 40.000000 1177.73 1177 1177
39.898438 40.000000 1132.03 1132 1132
39.927734 40.000000 1093.95 1093 1093
39.933594 40.000000 1086.33 1086 1086
39.888672 40.000000 1144.73 1144 1144
39.869141 40.000000 1170.12 1170 1170
39.916016 40.000000 1109.18 1109 1109
39.971680 40.000000 1036.82 1036 1036
39.998047 40.000000 1002.54 1002 1002
40.006836 40.000000 991.11 991 991
39.979492 40.000000 1026.66 1026 1026
39.993164 40.000000 1008.89 1008 1008
40.043945 40.000000 942.87 942 942
40.083008 40.000000 892.09 892 892
40.114258 40.000000 851.46 851 851
40.060547 40.000000 921.29 921 921
40.056641 40.000000 926.37 926 926
40.074219 40.000000 903.52 903 903
40.058594 40.000000 923.83 923 923
40.053711 40.000000 930.18 930 930
39.992188 40.000000 1010.16 1010 1010
39.977539 40.000000 1029.20 1029 1029
39.968750 40.000000 1040.63 1040 1040
39.945313 40.000000 1071.09 1071 1071
39.951172 40.000000 1063.48 1063 1063
39.955078 40.000000 1058.40 1058 1058
39.970703 40.000000 1038.09 1038 1038
39.974609 40.000000 1033.01 1033 1033
40.005859 40.000000 992.38 992 992
40.022461 40.000000 970.80 970 970
39.993164 40.000000 1008.89 1008 1008
39.929688 40.000000 1091.41 1091 1091
39.967773 40.000000 1041.89 1041 1041
39.979492 40.000000 1026.66 1026 1026
39.993164 40.000000 1008.89 1008 1008
39.965820 40.000000 1044.43 1044 1044
39.940430 40.000000 1077.44 1077 1077
39.882813 40.000000 1152.34 1152 1152
39.888672 40.000000 1144.73 1144 1144
39.953125 40.000000 1060.94 1060 1060
39.910156 40.000000 1116.80 1116 1116
39.923828 40.000000 1099.02 1099 1099
39.970703 40.000000 1038.09 1038 1038
40.002930 40.000000 996.19 996 996
40.018555 40.000000 975.88 975 975
40.056641 40.000000 926.37 926 926
40.082031 40.000000 893.36 893 893
40.051758 40.000000 932.71 932 932
40.010742 40.000000 986.04 986 986
40.000977 40.000000 998.73 998 998
39.976563 40.000000 1030.47 1030 1030
39.959961 40.000000 1052.05 1052 1052
39.924805 40.000000 1097.75 1097 1097
39.898438 40.000000 1132.03 1132 1132
39.907227 40.000000 1120.61 1120 1120
39.955078 40.000000 1058.40 1058 1058

39.981445 40.000000 1024.12 1024 1024
39.989258 40.000000 1013.96 1013 1013
40.014648 40.000000 980.96 980 980
40.032227 40.000000 958.11 958 958
40.076172 40.000000 900.98 900 900
40.035156 40.000000 954.30 954 954
40.010742 40.000000 986.04 986 986
39.997070 40.000000 1003.81 1003 1003
39.963867 40.000000 1046.97 1046 1046
39.912109 40.000000 1114.26 1114 1114
39.894531 40.000000 1137.11 1137 1137
39.934570 40.000000 1085.06 1085 1085
39.932617 40.000000 1087.60 1087 1087
39.933594 40.000000 1086.33 1086 1086
39.950195 40.000000 1064.75 1064 1064
39.906250 40.000000 1121.88 1121 1121
39.877930 40.000000 1158.69 1158 1158
39.912109 40.000000 1114.26 1114 1114
39.958008 40.000000 1054.59 1054 1054
39.979492 40.000000 1026.66 1026 1026
40.001953 40.000000 997.46 997 997
40.056641 40.000000 926.37 926 926
40.048828 40.000000 936.52 936 936
40.071289 40.000000 907.32 907 907
40.122070 40.000000 841.31 841 841
40.125977 40.000000 836.23 836 836
40.105469 40.000000 862.89 862 862
40.070313 40.000000 908.59 908 908
40.041992 40.000000 945.41 945 945
40.071289 40.000000 907.32 907 907
40.074219 40.000000 903.52 903 903
40.096680 40.000000 874.32 874 874
40.040039 40.000000 947.95 947 947
40.027344 40.000000 964.45 964 964
40.018555 40.000000 975.88 975 975
40.063477 40.000000 917.48 917 917
40.091797 40.000000 880.66 880 880
40.061523 40.000000 920.02 920 920
40.010742 40.000000 986.04 986 986
40.014648 40.000000 980.96 980 980
39.980469 40.000000 1025.39 1025 1025
39.994141 40.000000 1007.62 1007 1007
39.997070 40.000000 1003.81 1003 1003
39.985352 40.000000 1019.04 1019 1019
39.933594 40.000000 1086.33 1086 1086
39.955078 40.000000 1058.40 1058 1058
39.962891 40.000000 1048.24 1048 1048
39.983398 40.000000 1021.58 1021 1021
39.913086 40.000000 1112.99 1112 1112
39.946289 40.000000 1069.82 1069 1069
39.946289 40.000000 1069.82 1069 1069
39.916992 40.000000 1107.91 1107 1107
39.893555 40.000000 1138.38 1138 1138
39.851563 40.000000 1192.97 1192 1192
39.898438 40.000000 1132.03 1132 1132
39.944336 40.000000 1072.36 1072 1072
39.980469 40.000000 1025.39 1025 1025
39.966797 40.000000 1043.16 1043 1043
39.947266 40.000000 1068.55 1068 1068
39.923828 40.000000 1099.02 1099 1099
39.910156 40.000000 1116.80 1116 1116
39.876953 40.000000 1159.96 1159 1159
39.888672 40.000000 1144.73 1144 1144
39.922852 40.000000 1100.29 1100 1100
39.933594 40.000000 1086.33 1086 1086
39.940430 40.000000 1077.44 1077 1077
39.947266 40.000000 1068.55 1068 1068
39.955078 40.000000 1058.40 1058 1058
40.000977 40.000000 998.73 998 998
39.985352 40.000000 1019.04 1019 1019
39.996094 40.000000 1005.08 1005 1005
40.006836 40.000000 991.11 991 991
40.032227 40.000000 958.11 958 958
40.030273 40.000000 960.64 960 960
40.066406 40.000000 913.67 913 913
40.071289 40.000000 907.32 907 907
40.099609 40.000000 870.51 870 870
40.143555 40.000000 813.38 813 813
40.112305 40.000000 854.00 854 854
40.105469 40.000000 862.89 862 862
40.074219 40.000000 903.52 903 903
40.039063 40.000000 949.22 949 949
40.039063 40.000000 949.22 949 949
40.026367 40.000000 965.72 965 965
39.956055 40.000000 1057.13 1057 1057
39.961914 40.000000 1049.51 1049 1049
40.009766 40.000000 987.30 987 987
39.996094 40.000000 1005.08 1005 1005
39.999023 40.000000 1001.27 1001 1001
40.041992 40.000000 945.41 945 945
40.071289 40.000000 907.32 907 907
40.092773 40.000000 879.39 879 879
40.065430 40.000000 914.94 914 914
40.013672 40.000000 982.23 982 982
39.985352 40.000000 1019.04 1019 1019
40.028320 40.000000 963.18 963 963
40.051758 40.000000 932.71 932 932
40.076172 40.000000 900.98 900 900
40.041992 40.000000 945.41 945 945
40.001953 40.000000 997.46 997 997
39.956055 40.000000 1057.13 1057 1057
39.971680 40.000000 1036.82 1036 1036
39.968750 40.000000 1040.63 1040 1040
39.954102 40.000000 1059.67 1059 1059
39.928711 40.000000 1092.68 1092 1092
39.902344 40.000000 1126.95 1126 1126
39.920898 40.000000 1102.83 1102 1102
39.873047 40.000000 1165.04 1165 1165
39.885742 40.000000 1148.54 1148 1148
39.927734 40.000000 1093.95 1093 1093
39.962891 40.000000 1048.24 1048 1048
40.000977 40.000000 998.73 998 998
40.015625 40.000000 979.69 979 979
40.078125 40.000000 898.44 898 898
40.056641 40.000000 926.37 926 926
40.004883 40.000000 993.65 993 993
39.988281 40.000000 1015.23 1015 1015
39.950195 40.000000 1064.75 1064 1064
39.959961 40.000000 1052.05 1052 1052
39.897461 40.000000 1133.30 1133 1133
39.901367 40.000000 1128.22 1128 1128
39.890625 40.000000 1142.19 1142 1142
39.858398 40.000000 1184.08 1184 1184
39.916016 40.000000 1109.18 1109 1109
39.927734 40.000000 1093.95 1093 1093
39.979492 40.000000 1026.66 1026 1026
39.988281 40.000000 1015.23 1015 1015
40.052734 40.000000 931.45 931 931
40.061523 40.000000 920.02 920 920
40.049805 40.000000 935.25 935 935
40.030273 40.000000 960.64 960 960
40.024414 40.000000 968.26 968 968
39.947266 40.000000 1068.55 1068 1068
39.928711 40.000000 1092.68 1092 1092
39.897461 40.000000 1133.30 1133 1133
39.882813 40.000000 1152.34 1152 1152
39.851563 40.000000 1192.97 1192 1192
39.846680 40.000000 1199.32 1199 1199
39.908203 40.000000 1119.34 1119 1119
39.938477 40.000000 1079.98 1079 1079
39.963867 40.000000 1046.97 1046 1046
40.010742 40.000000 986.04 986 986
40.031250 40.000000 959.38 959 959
40.071289 40.000000 907.32 907 907
40.018555 40.000000 975.88 975 975
40.037109 40.000000 951.76 951 951
39.996094 40.000000 1005.08 1005 1005
39.959961 40.000000 1052.05 1052 1052
39.933594 40.000000 1086.33 1086 1086
39.993164 40.000000 1008.89 1008 1008
39.994141 40.000000 1007.62 1007 1007
39.967773 40.000000 1041.89 1041 1041
39.944336 40.000000 1072.36 1072 1072
39.910156 40.000000 1116.80 1116 1116
39.910156 40.000000 1116.80 1116 1116
39.876953 40.000000 1159.96 1159 1159
39.924805 40.000000 1097.75 1097 1097
39.925781 40.000000 1096.48 1096 1096
39.916016 40.000000 1109.18 1109 1109
39.880859 40.000000 1154.88 1154 1154
39.903320 40.000000 1125.68 1125 1125
39.889648 40.000000 1143.46 1143 1143
39.845703 40.000000 1200.59 1200 1200
39.898438 40.000000 1132.03 1132 1132
39.941406 40.000000 1076.17 1076 1076
39.965820 40.000000 1044.43 1044 1044
39.944336 40.000000 1072.36 1072 1072
39.992188 40.000000 1010.16 1010 1010
40.054688 40.000000 928.91 928 928
40.053711 40.000000 930.18 930 930
40.084961 40.000000 889.55 889 889
40.097656 40.000000 873.05 873 873
40.100586 40.000000 869.24 869 869
40.122070 40.000000 841.31 841 841
40.063477 40.000000 917.48 917 917
40.041016 40.000000 946.68 946 946
40.053711 40.000000 930.18 930 930
40.049805 40.000000 935.25 935 935
40.109375 40.000000 857.81 857 857
40.121094 40.000000 842.58 842 842
40.116211 40.000000 848.93 848 848
40.045898 40.000000 940.33 940 940
40.030273 40.000000 960.64 960 960
40.041016 40.000000 946.68 946 946
40.119141 40.000000 845.12 845 845
40.118164 40.000000 846.39 846 846
40.131836 40.000000 828.61 828 828
40.147461 40.000000 808.30 808 808
40.165039 40.000000 785.45 785 785
40.091797 40.000000 880.66 880 880
40.022461 40.000000 970.80 970 970
40.049805 40.000000 935.25 935 935
40.035156 40.000000 954.30 954 954
40.033203 40.000000 956.84 956 956
39.985352 40.000000 1019.04 1019 1019
39.981445 40.000000 1024.12 1024 1024
39.946289 40.000000 1069.82 1069 1069
39.989258 40.000000 1013.96 1013 1013
40.019531 40.000000 974.61 974 974
39.999023 40.000000 1001.27 1001 1001
40.044922 40.000000 941.60 941 941
40.116211 40.000000 848.93 848 848
40.097656 40.000000 873.05 873 873
40.080078 40.000000 895.90 895 895
40.075195 40.000000 902.25 902 902
40.031250 40.000000 959.38 959 959
40.001953 40.000000 997.46 997 997
39.997070 40.000000 1003.81 1003 1003
40.039063 40.000000 949.22 949 949
40.041992 40.000000 945.41 945 945
40.096680 40.000000 874.32 874 874
40.090820 40.000000 881.93 881 881
40.062500 40.000000 918.75 918 918
40.083008 40.000000 892.09 892 892
40.076172 40.000000 900.98 900 900
40.043945 40.000000 942.87 942 942
40.001953 40.000000 997.46 997 997
40.005859 40.000000 992.38 992 992
39.981445 40.000000 1024.12 1024 1024
39.933594 40.000000 1086.33 1086 1086
39.941406 40.000000 1076.17 1076 1076
39.979492 40.000000 1026.66 1026 1026
39.987305 40.000000 1016.50 1016 1016
40.061523 40.000000 920.02 920 920
40.094727 40.000000 876.86 876 876
40.078125 40.000000 898.44 898 898
40.067383 40.000000 912.40 912 912
40.057617 40.000000 925.10 925 925
40.023438 40.000000 969.53 969 969
39.998047 40.000000 1002.54 1002 1002
39.990234 40.000000 1012.70 1012 1012
39.970703 40.000000 1038.09 1038 1038
39.963867 40.000000 1046.97 1046 1046
39.946289 40.000000 1069.82 1069 1069
39.929688 40.000000 1091.41 1091 1091
39.920898 40.000000 1102.83 1102 1102
39.955078 40.000000 1058.40 1058 1058
39.988281 40.000000 1015.23 1015 1015
39.984375 40.000000 1020.31 1020 1020
40.030273 40.000000 960.64 960 960
40.065430 40.000000 914.94 914 914
40.095703 40.000000 875.59 875 875
40.045898 40.000000 940.33 940 940
40.027344 40.000000 964.45 964 964
40.024414 40.000000 968.26 968 968
40.009766 40.000000 987.30 987 987
39.967773 40.000000 1041.89 1041 1041
39.923828 40.000000 1099.02 1099 1099
39.924805 40.000000 1097.75 1097 1097
39.974609 40.000000 1033.01 1033 1033
40.008789 40.000000 988.57 988 988
39.993164 40.000000 1008.89 1008 1008
39.924805 40.000000 1097.75 1097 1097
39.934570 40.000000 1085.06 1085 1085
39.920898 40.000000 1102.83 1102 1102
39.890625 40.000000 1142.19 1142 1142
39.865234 40.000000 1175.20 1175 1175
39.889648 40.000000 1143.46 1143 1143
39.915039 40.000000 1110.45 1110 1110
39.950195 40.000000 1064.75 1064 1064
40.000977 40.000000 998.73 998 998
40.039063 40.000000 949.22 949 949
40.063477 40.000000 917.48 917 917
40.082031 40.000000 893.36 893 893
40.104492 40.000000 864.16 864 864
40.094727 40.000000 876.86 876 876
40.071289 40.000000 907.32 907 907
40.079102 40.000000 897.17 897 897
40.086914 40.000000 887.01 887 887
40.108398 40.000000 859.08 859 859
40.084961 40.000000 889.55 889 889
40.087891 40.000000 885.74 885 885
40.121094 40.000000 842.58 842 842
40.151367 40.000000 803.22 803 803
40.095703 40.000000 875.59 875 875
40.095703 40.000000 875.59 875 875
40.083984 40.000000 890.82 890 890
40.109375 40.000000 857.81 857 857
40.130859 40.000000 829.88 829 829
40.104492 40.000000 864.16 864 864
40.092773 40.000000 879.39 879 879
40.066406 40.000000 913.67 913 913
40.061523 40.000000 920.02 920 920
39.998047 40.000000 1002.54 1002 1002
39.975586 40.000000 1031.74 1031 1031
39.951172 40.000000 1063.48 1063 1063
39.947266 40.000000 1068.55 1068 1068
39.961914 40.000000 1049.51 1049 1049
40.010742 40.000000 986.04 986 986
40.027344 40.000000 964.45 964 964
40.056641 40.000000 926.37 926 926
40.080078 40.000000 895.90 895 895
40.067383 40.000000 912.40 912 912
40.044922 40.000000 941.60 941 941
40.094727 40.000000 876.86 876 876
40.094727 40.000000 876.86 876 876
40.113281 40.000000 852.73 852 852
40.156250 40.000000 796.88 796 796
40.127930 40.000000 833.69 833 833
40.153320 40.000000 800.68 800 800
40.179688 40.000000 766.41 766 766
40.140625 40.000000 817.19 817 817
40.166016 40.000000 784.18 784 784
40.147461 40.000000 808.30 808 808
40.109375 40.000000 857.81 857 857
40.109375 40.000000 857.81 857 857
40.130859 40.000000 829.88 829 829
40.127930 40.000000 833.69 833 833
40.096680 40.000000 874.32 874 874
40.088867 40.000000 884.47 884 884
40.078125 40.000000 898.44 898 898
40.044922 40.000000 941.60 941 941
40.056641 40.000000 926.37 926 926
40.000977 40.000000 998.73 998 998
39.981445 40.000000 1024.12 1024 1024
39.974609 40.000000 1033.01 1033 1033
39.963867 40.000000 1046.97 1046 1046
39.942383 40.000000 1074.90 1074 1074
39.925781 40.000000 1096.48 1096 1096
39.912109 40.000000 1114.26 1114 1114
39.928711 40.000000 1092.68 1092 1092
39.965820 40.000000 1044.43 1044 1044
40.027344 40.000000 964.45 964 964
40.010742 40.000000 986.04 986 986
40.084961 40.000000 889.55 889 889
40.082031 40.000000 893.36 893 893
40.062500 40.000000 918.75 918 918
40.027344 40.000000 964.45 964 964
40.043945 40.000000 942.87 942 942
39.990234 40.000000 1012.70 1012 1012
39.985352 40.000000 1019.04 1019 1019
39.975586 40.000000 1031.74 1031 1031
39.944336 40.000000 1072.36 1072 1072
39.940430 40.000000 1077.44 1077 1077
39.932617 40.000000 1087.60 1087 1087
39.942383 40.000000 1074.90 1074 1074
39.923828 40.000000 1099.02 1099 1099
39.931641 40.000000 1088.87 1088 1088
39.970703 40.000000 1038.09 1038 1038
40.020508 40.000000 973.34 973 973
40.066406 40.000000 913.67 913 913
40.083008 40.000000 892.09 892 892
40.082031 40.000000 893.36 893 893
40.083984 40.000000 890.82 890 890
40.028320 40.000000 963.18 963 963
40.033203 40.000000 956.84 956 956
40.086914 40.000000 887.01 887 887
40.106445 40.000000 861.62 861 861
40.091797 40.000000 880.66 880 880
40.045898 40.000000 940.33 940 940
40.045898 40.000000 940.33 940 940
40.008789 40.000000 988.57 988 988
39.971680 40.000000 1036.82 1036 1036
40.030273 40.000000 960.64 960 960
40.078125 40.000000 898.44 898 898
40.097656 40.000000 873.05 873 873
40.087891 40.000000 885.74 885 885
40.070313 40.000000 908.59 908 908
40.040039 40.000000 947.95 947 947
40.061523 40.000000 920.02 920 920
40.073242 40.000000 904.79 904 904
40.094727 40.000000 876.86 876 876
40.113281 40.000000 852.73 852 852
40.091797 40.000000 880.66 880 880
40.054688 40.000000 928.91 928 928
40.019531 40.000000 974.61 974 974
40.044922 40.000000 941.60 941 941
40.024414 40.000000 968.26 968 968
40.004883 40.000000 993.65 993 993
40.027344 40.000000 964.45 964 964
39.977539 40.000000 1029.20 1029 1029
39.974609 40.000000 1033.01 1033 1033
39.998047 40.000000 1002.54 1002 1002
40.035156 40.000000 954.30 954 954

40.090820 40.000000 881.93 881 881
40.134766 40.000000 824.80 824 824
40.129883 40.000000 831.15 831 831
40.144531 40.000000 812.11 812 812
40.165039 40.000000 785.45 785 785
40.146484 40.000000 809.57 809 809
40.094727 40.000000 876.86 876 876
40.056641 40.000000 926.37 926 926
40.002930 40.000000 996.19 996 996
40.030273 40.000000 960.64 960 960
40.020508 40.000000 973.34 973 973
39.971680 40.000000 1036.82 1036 1036
39.968750 40.000000 1040.63 1040 1040
39.967773 40.000000 1041.89 1041 1041
39.953125 40.000000 1060.94 1060 1060
39.912109 40.000000 1114.26 1114 1114
39.899414 40.000000 1130.76 1130 1130
39.980469 40.000000 1025.39 1025 1025
39.980469 40.000000 1025.39 1025 1025
40.001953 40.000000 997.46 997 997
39.980469 40.000000 1025.39 1025 1025
39.944336 40.000000 1072.36 1072 1072
39.944336 40.000000 1072.36 1072 1072
39.976563 40.000000 1030.47 1030 1030
40.001953 40.000000 997.46 997 997
39.965820 40.000000 1044.43 1044 1044
39.920898 40.000000 1102.83 1102 1102
39.972656 40.000000 1035.55 1035 1035
39.976563 40.000000 1030.47 1030 1030
39.946289 40.000000 1069.82 1069 1069
40.011719 40.000000 984.77 984 984
39.998047 40.000000 1002.54 1002 1002
39.990234 40.000000 1012.70 1012 1012
39.977539 40.000000 1029.20 1029 1029
39.985352 40.000000 1019.04 1019 1019
39.916992 40.000000 1107.91 1107 1107
39.920898 40.000000 1102.83 1102 1102
39.951172 40.000000 1063.48 1063 1063
39.984375 40.000000 1020.31 1020 1020
39.954102 40.000000 1059.67 1059 1059
39.971680 40.000000 1036.82 1036 1036
39.925781 40.000000 1096.48 1096 1096
39.911133 40.000000 1115.53 1115 1115
39.886719 40.000000 1147.27 1147 1147
39.916016 40.000000 1109.18 1109 1109
39.906250 40.000000 1121.88 1121 1121
39.907227 40.000000 1120.61 1120 1120
39.901367 40.000000 1128.22 1128 1128
39.876953 40.000000 1159.96 1159 1159
39.919922 40.000000 1104.10 1104 1104
39.965820 40.000000 1044.43 1044 1044
39.994141 40.000000 1007.62 1007 1007
40.033203 40.000000 956.84 956 956
40.066406 40.000000 913.67 913 913
40.076172 40.000000 900.98 900 900
40.044922 40.000000 941.60 941 941
40.009766 40.000000 987.30 987 987
40.024414 40.000000 968.26 968 968
40.037109 40.000000 951.76 951 951
39.985352 40.000000 1019.04 1019 1019
39.987305 40.000000 1016.50 1016 1016
39.967773 40.000000 1041.89 1041 1041
39.941406 40.000000 1076.17 1076 1076
39.925781 40.000000 1096.48 1096 1096
39.955078 40.000000 1058.40 1058 1058
39.990234 40.000000 1012.70 1012 1012
39.941406 40.000000 1076.17 1076 1076
39.959961 40.000000 1052.05 1052 1052
39.965820 40.000000 1044.43 1044 1044
39.956055 40.000000 1057.13 1057 1057
39.949219 40.000000 1066.02 1066 1066
39.970703 40.000000 1038.09 1038 1038
40.045898 40.000000 940.33 940 940
40.020508 40.000000 973.34 973 973
39.987305 40.000000 1016.50 1016 1016
40.028320 40.000000 963.18 963 963
40.040039 40.000000 947.95 947 947
40.060547 40.000000 921.29 921 921
40.106445 40.000000 861.62 861 861
40.142578 40.000000 814.65 814 814
40.126953 40.000000 834.96 834 834
40.136719 40.000000 822.27 822 822
40.113281 40.000000 852.73 852 852
40.100586 40.000000 869.24 869 869
40.066406 40.000000 913.67 913 913
40.006836 40.000000 991.11 991 991
39.963867 40.000000 1046.97 1046 1046
39.990234 40.000000 1012.70 1012 1012
40.014648 40.000000 980.96 980 980
40.011719 40.000000 984.77 984 984
39.999023 40.000000 1001.27 1001 1001
40.040039 40.000000 947.95 947 947
40.035156 40.000000 954.30 954 954
40.027344 40.000000 964.45 964 964
40.088867 40.000000 884.47 884 884
40.112305 40.000000 854.00 854 854
40.126953 40.000000 834.96 834 834
40.156250 40.000000 796.88 796 796
40.113281 40.000000 852.73 852 852
40.125000 40.000000 837.50 837 837
40.122070 40.000000 841.31 841 841
40.087891 40.000000 885.74 885 885
40.100586 40.000000 869.24 869 869
40.088867 40.000000 884.47 884 884
40.078125 40.000000 898.44 898 898
40.053711 40.000000 930.18 930 930
40.069336 40.000000 909.86 909 909
40.088867 40.000000 884.47 884 884
40.101563 40.000000 867.97 867 867
40.118164 40.000000 846.39 846 846
40.151367 40.000000 803.22 803 803
40.095703 40.000000 875.59 875 875
40.090820 40.000000 881.93 881 881
40.027344 40.000000 964.45 964 964
40.009766 40.000000 987.30 987 987
40.026367 40.000000 965.72 965 965
39.989258 40.000000 1013.96 1013 1013
40.005859 40.000000 992.38 992 992
39.962891 40.000000 1048.24 1048 1048
39.958008 40.000000 1054.59 1054 1054
39.954102 40.000000 1059.67 1059 1059
39.928711 40.000000 1092.68 1092 1092
39.923828 40.000000 1099.02 1099 1099
39.946289 40.000000 1069.82 1069 1069
39.984375 40.000000 1020.31 1020 1020
40.024414 40.000000 968.26 968 968
40.073242 40.000000 904.79 904 904
40.113281 40.000000 852.73 852 852
40.097656 40.000000 873.05 873 873
40.056641 40.000000 926.37 926 926
40.023438 40.000000 969.53 969 969
40.015625 40.000000 979.69 979 979
40.010742 40.000000 986.04 986 986
39.981445 40.000000 1024.12 1024 1024
39.972656 40.000000 1035.55 1035 1035
39.944336 40.000000 1072.36 1072 1072
39.953125 40.000000 1060.94 1060 1060
39.942383 40.000000 1074.90 1074 1074
39.997070 40.000000 1003.81 1003 1003
39.984375 40.000000 1020.31 1020 1020
40.020508 40.000000 973.34 973 973
40.087891 40.000000 885.74 885 885
40.074219 40.000000 903.52 903 903
40.049805 40.000000 935.25 935 935
40.048828 40.000000 936.52 936 936
40.009766 40.000000 987.30 987 987
39.988281 40.000000 1015.23 1015 1015
39.998047 40.000000 1002.54 1002 1002
39.972656 40.000000 1035.55 1035 1035
40.009766 40.000000 987.30 987 987
39.980469 40.000000 1025.39 1025 1025
39.959961 40.000000 1052.05 1052 1052
39.963867 40.000000 1046.97 1046 1046
39.988281 40.000000 1015.23 1015 1015
39.920898 40.000000 1102.83 1102 1102
39.956055 40.000000 1057.13 1057 1057
39.938477 40.000000 1079.98 1079 1079
39.928711 40.000000 1092.68 1092 1092
39.996094 40.000000 1005.08 1005 1005
40.006836 40.000000 991.11 991 991
39.963867 40.000000 1046.97 1046 1046
39.971680 40.000000 1036.82 1036 1036
40.013672 40.000000 982.23 982 982
40.013672 40.000000 982.23 982 982
40.013672 40.000000 982.23 982 982
39.963867 40.000000 1046.97 1046 1046
39.946289 40.000000 1069.82 1069 1069
39.996094 40.000000 1005.08 1005 1005
40.024414 40.000000 968.26 968 968
40.052734 40.000000 931.45 931 931
40.127930 40.000000 833.69 833 833
40.125977 40.000000 836.23 836 836
40.097656 40.000000 873.05 873 873
40.084961 40.000000 889.55 889 889
40.142578 40.000000 814.65 814 814
40.178711 40.000000 767.68 767 767
40.140625 40.000000 817.19 817 817
40.080078 40.000000 895.90 895 895
40.032227 40.000000 958.11 958 958
40.018555 40.000000 975.88 975 975
40.019531 40.000000 974.61 974 974
39.988281 40.000000 1015.23 1015 1015
39.990234 40.000000 1012.70 1012 1012
39.941406 40.000000 1076.17 1076 1076
39.974609 40.000000 1033.01 1033 1033
39.966797 40.000000 1043.16 1043 1043
39.977539 40.000000 1029.20 1029 1029
39.970703 40.000000 1038.09 1038 1038
39.972656 40.000000 1035.55 1035 1035
39.942383 40.000000 1074.90 1074 1074
39.968750 40.000000 1040.63 1040 1040
39.966797 40.000000 1043.16 1043 1043
39.933594 40.000000 1086.33 1086 1086
39.965820 40.000000 1044.43 1044 1044
39.972656 40.000000 1035.55 1035 1035
39.959961 40.000000 1052.05 1052 1052
39.941406 40.000000 1076.17 1076 1076
39.951172 40.000000 1063.48 1063 1063
39.911133 40.000000 1115.53 1115 1115
39.884766 40.000000 1149.80 1149 1149
39.951172 40.000000 1063.48 1063 1063
39.962891 40.000000 1048.24 1048 1048
39.996094 40.000000 1005.08 1005 1005
40.044922 40.000000 941.60 941 941
40.091797 40.000000 880.66 880 880
40.054688 40.000000 928.91 928 928
40.043945 40.000000 942.87 942 942
39.990234 40.000000 1012.70 1012 1012
39.987305 40.000000 1016.50 1016 1016
39.984375 40.000000 1020.31 1020 1020
39.934570 40.000000 1085.06 1085 1085
39.904297 40.000000 1124.41 1124 1124
39.916016 40.000000 1109.18 1109 1109
39.941406 40.000000 1076.17 1076 1076
39.971680 40.000000 1036.82 1036 1036
40.027344 40.000000 964.45 964 964
40.071289 40.000000 907.32 907 907
40.083008 40.000000 892.09 892 892
40.076172 40.000000 900.98 900 900
40.036133 40.000000 953.03 953 953
39.998047 40.000000 1002.54 1002 1002
39.985352 40.000000 1019.04 1019 1019
39.989258 40.000000 1013.96 1013 1013
39.977539 40.000000 1029.20 1029 1029
39.951172 40.000000 1063.48 1063 1063
39.895508 40.000000 1135.84 1135 1135
39.934570 40.000000 1085.06 1085 1085
39.941406 40.000000 1076.17 1076 1076
39.927734 40.000000 1093.95 1093 1093
39.916016 40.000000 1109.18 1109 1109
39.950195 40.000000 1064.75 1064 1064
39.989258 40.000000 1013.96 1013 1013
40.041992 40.000000 945.41 945 945
40.039063 40.000000 949.22 949 949
40.052734 40.000000 931.45 931 931
40.065430 40.000000 914.94 914 914
40.060547 40.000000 921.29 921 921
40.047852 40.000000 937.79 937 937
40.006836 40.000000 991.11 991 991
40.005859 40.000000 992.38 992 992
39.997070 40.000000 1003.81 1003 1003
39.958008 40.000000 1054.59 1054 1054
39.949219 40.000000 1066.02 1066 1066
39.881836 40.000000 1153.61 1153 1153
39.898438 40.000000 1132.03 1132 1132
39.950195 40.000000 1064.75 1064 1064
39.916016 40.000000 1109.18 1109 1109
39.925781 40.000000 1096.48 1096 1096
39.890625 40.000000 1142.19 1142 1142
39.886719 40.000000 1147.27 1147 1147
39.920898 40.000000 1102.83 1102 1102
39.891602 40.000000 1140.92 1140 1140
39.867188 40.000000 1172.66 1172 1172
39.841797 40.000000 1205.66 1205 1205
39.855469 40.000000 1187.89 1187 1187
39.911133 40.000000 1115.53 1115 1115
39.929688 40.000000 1091.41 1091 1091
39.949219 40.000000 1066.02 1066 1066
39.882813 40.000000 1152.34 1152 1152
39.882813 40.000000 1152.34 1152 1152
39.919922 40.000000 1104.10 1104 1104
39.929688 40.000000 1091.41 1091 1091
39.929688 40.000000 1091.41 1091 1091
39.977539 40.000000 1029.20 1029 1029
39.974609 40.000000 1033.01 1033 1033
39.988281 40.000000 1015.23 1015 1015
40.013672 40.000000 982.23 982 982
40.039063 40.000000 949.22 949 949
40.091797 40.000000 880.66 880 880
40.092773 40.000000 879.39 879 879
40.083008 40.000000 892.09 892 892
40.119141 40.000000 845.12 845 845
40.097656 40.000000 873.05 873 873
40.130859 40.000000 829.88 829 829
40.136719 40.000000 822.27 822 822
40.122070 40.000000 841.31 841 841
40.099609 40.000000 870.51 870 870
40.051758 40.000000 932.71 932 932
40.004883 40.000000 993.65 993 993
39.985352 40.000000 1019.04 1019 1019
39.985352 40.000000 1019.04 1019 1019
39.961914 40.000000 1049.51 1049 1049
39.981445 40.000000 1024.12 1024 1024
40.041992 40.000000 945.41 945 945
40.052734 40.000000 931.45 931 931
40.106445 40.000000 861.62 861 861
40.152344 40.000000 801.95 801 801
40.099609 40.000000 870.51 870 870
40.109375 40.000000 857.81 857 857
40.112305 40.000000 854.00 854 854
40.121094 40.000000 842.58 842 842
40.144531 40.000000 812.11 812 812
40.160156 40.000000 791.80 791 791
40.125977 40.000000 836.23 836 836
40.116211 40.000000 848.93 848 848
40.126953 40.000000 834.96 834 834
40.139648 40.000000 818.46 818 818
40.164063 40.000000 786.72 786 786
40.157227 40.000000 795.61 795 795
40.143555 40.000000 813.38 813 813
40.162109 40.000000 789.26 789 789
40.069336 40.000000 909.86 909 909
40.092773 40.000000 879.39 879 879
40.126953 40.000000 834.96 834 834
40.090820 40.000000 881.93 881 881
40.067383 40.000000 912.40 912 912
40.035156 40.000000 954.30 954 954
40.033203 40.000000 956.84 956 956
40.010742 40.000000 986.04 986 986
39.997070 40.000000 1003.81 1003 1003
39.979492 40.000000 1026.66 1026 1026
39.975586 40.000000 1031.74 1031 1031
39.954102 40.000000 1059.67 1059 1059
39.947266 40.000000 1068.55 1068 1068
39.941406 40.000000 1076.17 1076 1076
39.916016 40.000000 1109.18 1109 1109
39.954102 40.000000 1059.67 1059 1059
39.992188 40.000000 1010.16 1010 1010
40.019531 40.000000 974.61 974 974
40.041016 40.000000 946.68 946 946
40.087891 40.000000 885.74 885 885
40.108398 40.000000 859.08 859 859
40.078125 40.000000 898.44 898 898
40.079102 40.000000 897.17 897 897
40.036133 40.000000 953.03 953 953
40.011719 40.000000 984.77 984 984
39.997070 40.000000 1003.81 1003 1003
39.980469 40.000000 1025.39 1025 1025
39.983398 40.000000 1021.58 1021 1021
40.011719 40.000000 984.77 984 984
39.988281 40.000000 1015.23 1015 1015
39.971680 40.000000 1036.82 1036 1036
39.993164 40.000000 1008.89 1008 1008
40.009766 40.000000 987.30 987 987
39.984375 40.000000 1020.31 1020 1020
40.028320 40.000000 963.18 963 963
40.001953 40.000000 997.46 997 997
39.981445 40.000000 1024.12 1024 1024
40.008789 40.000000 988.57 988 988
40.049805 40.000000 935.25 935 935
40.030273 40.000000 960.64 960 960
40.103516 40.000000 865.43 865 865
40.057617 40.000000 925.10 925 925
40.106445 40.000000 861.62 861 861
40.129883 40.000000 831.15 831 831
40.146484 40.000000 809.57 809 809
40.155273 40.000000 798.14 798 798
40.148438 40.000000 807.03 807 807
40.083984 40.000000 890.82 890 890
40.096680 40.000000 874.32 874 874
40.070313 40.000000 908.59 908 908
40.035156 40.000000 954.30 954 954
40.063477 40.000000 917.48 917 917
40.023438 40.000000 969.53 969 969
40.039063 40.000000 949.22 949 949
40.040039 40.000000 947.95 947 947
40.105469 40.000000 862.89 862 862
40.101563 40.000000 867.97 867 867
40.103516 40.000000 865.43 865 865
40.135742 40.000000 823.54 823 823
40.138672 40.000000 819.73 819 819
40.162109 40.000000 789.26 789 789
40.125000 40.000000 837.50 837 837
40.123047 40.000000 840.04 840 840
40.125977 40.000000 836.23 836 836
40.087891 40.000000 885.74 885 885
40.045898 40.000000 940.33 940 940
40.048828 40.000000 936.52 936 936
40.041016 40.000000 946.68 946 946
40.047852 40.000000 937.79 937 937
40.027344 40.000000 964.45 964 964
39.970703 40.000000 1038.09 1038 1038
39.953125 40.000000 1060.94 1060 1060
39.934570 40.000000 1085.06 1085 1085
39.950195 40.000000 1064.75 1064 1064
39.959961 40.000000 1052.05 1052 1052
39.942383 40.000000 1074.90 1074 1074
39.922852 40.000000 1100.29 1100 1100
39.881836 40.000000 1153.61 1153 1153
39.942383 40.000000 1074.90 1074 1074
39.961914 40.000000 1049.51 1049 1049
39.944336 40.000000 1072.36 1072 1072
39.899414 40.000000 1130.76 1130 1130
39.902344 40.000000 1126.95 1126 1126
39.884766 40.000000 1149.80 1149 1149
39.864258 40.000000 1176.46 1176 1176
39.876953 40.000000 1159.96 1159 1159
39.898438 40.000000 1132.03 1132 1132
39.934570 40.000000 1085.06 1085 1085
39.998047 40.000000 1002.54 1002 1002
39.998047 40.000000 1002.54 1002 1002
40.037109 40.000000 951.76 951 951
40.060547 40.000000 921.29 921 921
40.096680 40.000000 874.32 874 874
40.092773 40.000000 879.39 879 879
40.054688 40.000000 928.91 928 928
40.048828 40.000000 936.52 936 936
40.066406 40.000000 913.67 913 913
40.004883 40.000000 993.65 993 993
39.966797 40.000000 1043.16 1043 1043
39.942383 40.000000 1074.90 1074 1074
39.924805 40.000000 1097.75 1097 1097
39.911133 40.000000 1115.53 1115 1115
39.879883 40.000000 1156.15 1156 1156
39.913086 40.000000 1112.99 1112 1112

39.959961 40.000000 1052.05 1052 1052
39.977539 40.000000 1029.20 1029 1029
40.043945 40.000000 942.87 942 942
40.083008 40.000000 892.09 892 892
40.112305 40.000000 854.00 854 854
40.054688 40.000000 928.91 928 928
40.063477 40.000000 917.48 917 917
40.031250 40.000000 959.38 959 959
40.011719 40.000000 984.77 984 984
39.989258 40.000000 1013.96 1013 1013
39.965820 40.000000 1044.43 1044 1044
39.966797 40.000000 1043.16 1043 1043
39.927734 40.000000 1093.95 1093 1093
39.945313 40.000000 1071.09 1071 1071
39.983398 40.000000 1021.58 1021 1021
39.977539 40.000000 1029.20 1029 1029
39.950195 40.000000 1064.75 1064 1064
39.949219 40.000000 1066.02 1066 1066
39.940430 40.000000 1077.44 1077 1077
39.893555 40.000000 1138.38 1138 1138
39.907227 40.000000 1120.61 1120 1120
39.879883 40.000000 1156.15 1156 1156
39.868164 40.000000 1171.39 1171 1171
39.890625 40.000000 1142.19 1142 1142
39.920898 40.000000 1102.83 1102 1102
39.885742 40.000000 1148.54 1148 1148
39.899414 40.000000 1130.76 1130 1130
39.864258 40.000000 1176.46 1176 1176
39.890625 40.000000 1142.19 1142 1142
39.922852 40.000000 1100.29 1100 1100
39.918945 40.000000 1105.37 1105 1105
39.950195 40.000000 1064.75 1064 1064
39.929688 40.000000 1091.41 1091 1091
39.915039 40.000000 1110.45 1110 1110
39.928711 40.000000 1092.68 1092 1092
39.965820 40.000000 1044.43 1044 1044
39.942383 40.000000 1074.90 1074 1074
39.987305 40.000000 1016.50 1016 1016
39.985352 40.000000 1019.04 1019 1019
39.976563 40.000000 1030.47 1030 1030
39.954102 40.000000 1059.67 1059 1059
39.979492 40.000000 1026.66 1026 1026
40.048828 40.000000 936.52 936 936
40.030273 40.000000 960.64 960 960
40.001953 40.000000 997.46 997 997
39.967773 40.000000 1041.89 1041 1041
40.049805 40.000000 935.25 935 935
40.049805 40.000000 935.25 935 935
40.041016 40.000000 946.68 946 946
40.080078 40.000000 895.90 895 895
40.060547 40.000000 921.29 921 921
40.063477 40.000000 917.48 917 917
40.143555 40.000000 813.38 813 813
40.131836 40.000000 828.61 828 828
40.130859 40.000000 829.88 829 829
40.161133 40.000000 790.53 790 790
40.162109 40.000000 789.26 789 789
40.103516 40.000000 865.43 865 865
40.073242 40.000000 904.79 904 904
40.058594 40.000000 923.83 923 923
40.043945 40.000000 942.87 942 942
39.994141 40.000000 1007.62 1007 1007
39.988281 40.000000 1015.23 1015 1015
39.963867 40.000000 1046.97 1046 1046
39.944336 40.000000 1072.36 1072 1072
39.932617 40.000000 1087.60 1087 1087
39.927734 40.000000 1093.95 1093 1093
39.979492 40.000000 1026.66 1026 1026
40.030273 40.000000 960.64 960 960
39.989258 40.000000 1013.96 1013 1013
39.947266 40.000000 1068.55 1068 1068
39.928711 40.000000 1092.68 1092 1092
39.949219 40.000000 1066.02 1066 1066
39.951172 40.000000 1063.48 1063 1063
39.925781 40.000000 1096.48 1096 1096
39.928711 40.000000 1092.68 1092 1092
39.925781 40.000000 1096.48 1096 1096
39.932617 40.000000 1087.60 1087 1087
39.968750 40.000000 1040.63 1040 1040
39.971680 40.000000 1036.82 1036 1036
40.019531 40.000000 974.61 974 974
40.019531 40.000000 974.61 974 974
40.083008 40.000000 892.09 892 892
40.065430 40.000000 914.94 914 914
40.023438 40.000000 969.53 969 969
40.001953 40.000000 997.46 997 997
39.993164 40.000000 1008.89 1008 1008
39.979492 40.000000 1026.66 1026 1026
39.937500 40.000000 1081.25 1081 1081
39.965820 40.000000 1044.43 1044 1044
39.966797 40.000000 1043.16 1043 1043
39.927734 40.000000 1093.95 1093 1093
40.010742 40.000000 986.04 986 986
40.039063 40.000000 949.22 949 949
40.071289 40.000000 907.32 907 907
40.096680 40.000000 874.32 874 874
40.061523 40.000000 920.02 920 920
40.022461 40.000000 970.80 970 970
40.005859 40.000000 992.38 992 992
39.988281 40.000000 1015.23 1015 1015
40.018555 40.000000 975.88 975 975
39.966797 40.000000 1043.16 1043 1043
39.961914 40.000000 1049.51 1049 1049
39.922852 40.000000 1100.29 1100 1100
39.977539 40.000000 1029.20 1029 1029
40.004883 40.000000 993.65 993 993
39.962891 40.000000 1048.24 1048 1048
39.924805 40.000000 1097.75 1097 1097
39.923828 40.000000 1099.02 1099 1099
39.889648 40.000000 1143.46 1143 1143
39.864258 40.000000 1176.46 1176 1176
39.911133 40.000000 1115.53 1115 1115
39.968750 40.000000 1040.63 1040 1040
39.990234 40.000000 1012.70 1012 1012
39.968750 40.000000 1040.63 1040 1040
39.954102 40.000000 1059.67 1059 1059
39.972656 40.000000 1035.55 1035 1035
40.005859 40.000000 992.38 992 992
40.052734 40.000000 931.45 931 931
40.058594 40.000000 923.83 923 923
40.040039 40.000000 947.95 947 947
40.076172 40.000000 900.98 900 900
40.092773 40.000000 879.39 879 879
40.125977 40.000000 836.23 836 836
40.158203 40.000000 794.34 794 794
40.155273 40.000000 798.14 798 798
40.153320 40.000000 800.68 800 800
40.099609 40.000000 870.51 870 870
40.053711 40.000000 930.18 930 930
40.086914 40.000000 887.01 887 887
40.060547 40.000000 921.29 921 921
40.030273 40.000000 960.64 960 960
40.004883 40.000000 993.65 993 993
39.950195 40.000000 1064.75 1064 1064
40.004883 40.000000 993.65 993 993
40.041992 40.000000 945.41 945 945
40.073242 40.000000 904.79 904 904
40.117188 40.000000 847.66 847 847
40.143555 40.000000 813.38 813 813
40.096680 40.000000 874.32 874 874
40.101563 40.000000 867.97 867 867
40.112305 40.000000 854.00 854 854
40.143555 40.000000 813.38 813 813
40.083008 40.000000 892.09 892 892
40.097656 40.000000 873.05 873 873
40.047852 40.000000 937.79 937 937
40.018555 40.000000 975.88 975 975
40.013672 40.000000 982.23 982 982
39.993164 40.000000 1008.89 1008 1008
39.977539 40.000000 1029.20 1029 1029
39.942383 40.000000 1074.90 1074 1074
39.938477 40.000000 1079.98 1079 1079
39.937500 40.000000 1081.25 1081 1081
39.944336 40.000000 1072.36 1072 1072
39.934570 40.000000 1085.06 1085 1085
39.902344 40.000000 1126.95 1126 1126
39.919922 40.000000 1104.10 1104 1104
39.956055 40.000000 1057.13 1057 1057
39.913086 40.000000 1112.99 1112 1112
39.901367 40.000000 1128.22 1128 1128
39.898438 40.000000 1132.03 1132 1132
39.906250 40.000000 1121.88 1121 1121
39.928711 40.000000 1092.68 1092 1092
39.987305 40.000000 1016.50 1016 1016
40.028320 40.000000 963.18 963 963
40.040039 40.000000 947.95 947 947
40.092773 40.000000 879.39 879 879
40.083984 40.000000 890.82 890 890
40.061523 40.000000 920.02 920 920
40.053711 40.000000 930.18 930 930
39.994141 40.000000 1007.62 1007 1007
39.992188 40.000000 1010.16 1010 1010
39.974609 40.000000 1033.01 1033 1033
39.968750 40.000000 1040.63 1040 1040
39.929688 40.000000 1091.41 1091 1091
39.945313 40.000000 1071.09 1071 1071
40.011719 40.000000 984.77 984 984
40.032227 40.000000 958.11 958 958
40.058594 40.000000 923.83 923 923
40.090820 40.000000 881.93 881 881
40.078125 40.000000 898.44 898 898
40.018555 40.000000 975.88 975 975
40.008789 40.000000 988.57 988 988
39.985352 40.000000 1019.04 1019 1019
40.014648 40.000000 980.96 980 980
40.002930 40.000000 996.19 996 996
39.981445 40.000000 1024.12 1024 1024
39.953125 40.000000 1060.94 1060 1060
39.985352 40.000000 1019.04 1019 1019
39.942383 40.000000 1074.90 1074 1074
39.901367 40.000000 1128.22 1128 1128
39.897461 40.000000 1133.30 1133 1133
39.889648 40.000000 1143.46 1143 1143
39.972656 40.000000 1035.55 1035 1035
39.970703 40.000000 1038.09 1038 1038
40.053711 40.000000 930.18 930 930
40.058594 40.000000 923.83 923 923
40.082031 40.000000 893.36 893 893
40.125000 40.000000 837.50 837 837
40.133789 40.000000 826.07 826 826
40.136719 40.000000 822.27 822 822
40.090820 40.000000 881.93 881 881
40.074219 40.000000 903.52 903 903
40.097656 40.000000 873.05 873 873
40.126953 40.000000 834.96 834 834
40.130859 40.000000 829.88 829 829
40.116211 40.000000 848.93 848 848
40.094727 40.000000 876.86 876 876
40.070313 40.000000 908.59 908 908
40.063477 40.000000 917.48 917 917
40.020508 40.000000 973.34 973 973
39.984375 40.000000 1020.31 1020 1020
40.004883 40.000000 993.65 993 993
40.056641 40.000000 926.37 926 926
40.075195 40.000000 902.25 902 902
40.045898 40.000000 940.33 940 940
40.033203 40.000000 956.84 956 956
40.056641 40.000000 926.37 926 926
40.083984 40.000000 890.82 890 890
40.127930 40.000000 833.69 833 833
40.146484 40.000000 809.57 809 809
40.162109 40.000000 789.26 789 789
40.138672 40.000000 819.73 819 819
40.121094 40.000000 842.58 842 842
40.104492 40.000000 864.16 864 864
40.067383 40.000000 912.40 912 912
40.083984 40.000000 890.82 890 890
40.039063 40.000000 949.22 949 949
40.006836 40.000000 991.11 991 991
39.993164 40.000000 1008.89 1008 1008
40.001953 40.000000 997.46 997 997
39.968750 40.000000 1040.63 1040 1040
40.017578 40.000000 977.15 977 977
40.075195 40.000000 902.25 902 902
40.075195 40.000000 902.25 902 902
40.051758 40.000000 932.71 932 932
40.114258 40.000000 851.46 851 851
40.096680 40.000000 874.32 874 874
40.078125 40.000000 898.44 898 898
40.073242 40.000000 904.79 904 904
40.057617 40.000000 925.10 925 925
40.125000 40.000000 837.50 837 837
40.134766 40.000000 824.80 824 824
40.190430 40.000000 752.44 752 752
40.173828 40.000000 774.02 774 774
40.122070 40.000000 841.31 841 841
40.086914 40.000000 887.01 887 887
40.043945 40.000000 942.87 942 942
40.060547 40.000000 921.29 921 921
40.037109 40.000000 951.76 951 951
40.017578 40.000000 977.15 977 977
39.999023 40.000000 1001.27 1001 1001
39.953125 40.000000 1060.94 1060 1060
39.984375 40.000000 1020.31 1020 1020
39.938477 40.000000 1079.98 1079 1079
39.992188 40.000000 1010.16 1010 1010
39.974609 40.000000 1033.01 1033 1033
39.970703 40.000000 1038.09 1038 1038
39.971680 40.000000 1036.82 1036 1036
40.014648 40.000000 980.96 980 980
40.052734 40.000000 931.45 931 931
40.071289 40.000000 907.32 907 907
40.039063 40.000000 949.22 949 949
40.011719 40.000000 984.77 984 984
40.035156 40.000000 954.30 954 954
40.076172 40.000000 900.98 900 900
40.074219 40.000000 903.52 903 903
40.088867 40.000000 884.47 884 884
40.013672 40.000000 982.23 982 982
40.035156 40.000000 954.30 954 954
40.091797 40.000000 880.66 880 880
40.084961 40.000000 889.55 889 889
40.070313 40.000000 908.59 908 908
40.105469 40.000000 862.89 862 862
40.048828 40.000000 936.52 936 936
40.018555 40.000000 975.88 975 975
40.080078 40.000000 895.90 895 895
40.100586 40.000000 869.24 869 869
40.147461 40.000000 808.30 808 808
40.148438 40.000000 807.03 807 807
40.127930 40.000000 833.69 833 833
40.105469 40.000000 862.89 862 862
40.116211 40.000000 848.93 848 848
40.129883 40.000000 831.15 831 831
40.146484 40.000000 809.57 809 809
40.103516 40.000000 865.43 865 865
40.100586 40.000000 869.24 869 869
40.069336 40.000000 909.86 909 909
40.036133 40.000000 953.03 953 953
40.090820 40.000000 881.93 881 881
40.109375 40.000000 857.81 857 857
40.079102 40.000000 897.17 897 897
40.060547 40.000000 921.29 921 921
40.060547 40.000000 921.29 921 921
40.017578 40.000000 977.15 977 977
39.977539 40.000000 1029.20 1029 1029
39.989258 40.000000 1013.96 1013 1013
39.993164 40.000000 1008.89 1008 1008
39.975586 40.000000 1031.74 1031 1031
39.962891 40.000000 1048.24 1048 1048
39.970703 40.000000 1038.09 1038 1038
39.937500 40.000000 1081.25 1081 1081
39.959961 40.000000 1052.05 1052 1052
39.968750 40.000000 1040.63 1040 1040
40.001953 40.000000 997.46 997 997
40.060547 40.000000 921.29 921 921

40.109375 40.000000 857.81 857 857
40.105469 40.000000 862.89 862 862
40.062500 40.000000 918.75 918 918
40.057617 40.000000 925.10 925 925
40.049805 40.000000 935.25 935 935
40.010742 40.000000 986.04 986 986
39.970703 40.000000 1038.09 1038 1038
40.044922 40.000000 941.60 941 941
40.063477 40.000000 917.48 917 917
40.039063 40.000000 949.22 949 949
40.037109 40.000000 951.76 951 951
40.005859 40.000000 992.38 992 992
40.031250 40.000000 959.38 959 959
40.024414 40.000000 968.26 968 968
40.041016 40.000000 946.68 946 946
40.056641 40.000000 926.37 926 926
40.063477 40.000000 917.48 917 917
40.078125 40.000000 898.44 898 898
40.070313 40.000000 908.59 908 908
40.043945 40.000000 942.87 942 942
40.062500 40.000000 918.75 918 918
40.092773 40.000000 879.39 879 879
40.162109 40.000000 789.26 789 789
40.162109 40.000000 789.26 789 789
40.101563 40.000000 867.97 867 867
40.086914 40.000000 887.01 887 887
40.052734 40.000000 931.45 931 931
40.041992 40.000000 945.41 945 945
40.010742 40.000000 986.04 986 986
39.993164 40.000000 1008.89 1008 1008
39.994141 40.000000 1007.62 1007 1007
39.963867 40.000000 1046.97 1046 1046
39.984375 40.000000 1020.31 1020 1020
40.047852 40.000000 937.79 937 937
40.044922 40.000000 941.60 941 941
40.028320 40.000000 963.18 963 963
40.011719 40.000000 984.77 984 984
40.075195 40.000000 902.25 902 902
40.088867 40.000000 884.47 884 884
40.086914 40.000000 887.01 887 887
40.069336 40.000000 909.86 909 909
40.135742 40.000000 823.54 823 823
40.130859 40.000000 829.88 829 829
40.105469 40.000000 862.89 862 862
40.045898 40.000000 940.33 940 940
40.043945 40.000000 942.87 942 942
40.083008 40.000000 892.09 892 892
40.076172 40.000000 900.98 900 900
40.094727 40.000000 876.86 876 876
40.047852 40.000000 937.79 937 937
40.071289 40.000000 907.32 907 907
40.024414 40.000000 968.26 968 968
40.036133 40.000000 953.03 953 953
40.047852 40.000000 937.79 937 937
39.977539 40.000000 1029.20 1029 1029
39.967773 40.000000 1041.89 1041 1041
39.950195 40.000000 1064.75 1064 1064
39.956055 40.000000 1057.13 1057 1057
39.962891 40.000000 1048.24 1048 1048
39.987305 40.000000 1016.50 1016 1016
39.950195 40.000000 1064.75 1064 1064
40.010742 40.000000 986.04 986 986
40.017578 40.000000 977.15 977 977
40.039063 40.000000 949.22 949 949
40.078125 40.000000 898.44 898 898
40.099609 40.000000 870.51 870 870
40.106445 40.000000 861.62 861 861
40.070313 40.000000 908.59 908 908
40.054688 40.000000 928.91 928 928
40.033203 40.000000 956.84 956 956
40.024414 40.000000 968.26 968 968
40.010742 40.000000 986.04 986 986
40.024414 40.000000 968.26 968 968
39.970703 40.000000 1038.09 1038 1038
39.989258 40.000000 1013.96 1013 1013
40.032227 40.000000 958.11 958 958
40.092773 40.000000 879.39 879 879
40.100586 40.000000 869.24 869 869
40.086914 40.000000 887.01 887 887
40.043945 40.000000 942.87 942 942
40.049805 40.000000 935.25 935 935
40.040039 40.000000 947.95 947 947
40.024414 40.000000 968.26 968 968
40.035156 40.000000 954.30 954 954
40.006836 40.000000 991.11 991 991
40.041992 40.000000 945.41 945 945
39.987305 40.000000 1016.50 1016 1016
39.967773 40.000000 1041.89 1041 1041
39.963867 40.000000 1046.97 1046 1046
39.974609 40.000000 1033.01 1033 1033
39.949219 40.000000 1066.02 1066 1066
39.923828 40.000000 1099.02 1099 1099
39.990234 40.000000 1012.70 1012 1012
40.033203 40.000000 956.84 956 956
40.008789 40.000000 988.57 988 988
39.989258 40.000000 1013.96 1013 1013
39.927734 40.000000 1093.95 1093 1093
39.962891 40.000000 1048.24 1048 1048
40.019531 40.000000 974.61 974 974
40.037109 40.000000 951.76 951 951
40.032227 40.000000 958.11 958 958
40.004883 40.000000 993.65 993 993
40.014648 40.000000 980.96 980 980
40.074219 40.000000 903.52 903 903
40.104492 40.000000 864.16 864 864
40.049805 40.000000 935.25 935 935
40.076172 40.000000 900.98 900 900
40.090820 40.000000 881.93 881 881
40.119141 40.000000 845.12 845 845
40.156250 40.000000 796.88 796 796
40.112305 40.000000 854.00 854 854
40.133789 40.000000 826.07 826 826
40.156250 40.000000 796.88 796 796
40.147461 40.000000 808.30 808 808
40.117188 40.000000 847.66 847 847
40.131836 40.000000 828.61 828 828
40.103516 40.000000 865.43 865 865
40.079102 40.000000 897.17 897 897
40.061523 40.000000 920.02 920 920
40.083984 40.000000 890.82 890 890
40.083008 40.000000 892.09 892 892
40.076172 40.000000 900.98 900 900
40.122070 40.000000 841.31 841 841
40.172852 40.000000 775.29 775 775
40.168945 40.000000 780.37 780 780
40.134766 40.000000 824.80 824 824
40.112305 40.000000 854.00 854 854
40.047852 40.000000 937.79 937 937
40.063477 40.000000 917.48 917 917
40.062500 40.000000 918.75 918 918
40.022461 40.000000 970.80 970 970
40.009766 40.000000 987.30 987 987
39.993164 40.000000 1008.89 1008 1008
40.011719 40.000000 984.77 984 984
39.993164 40.000000 1008.89 1008 1008
39.972656 40.000000 1035.55 1035 1035
39.993164 40.000000 1008.89 1008 1008
39.987305 40.000000 1016.50 1016 1016
40.005859 40.000000 992.38 992 992
39.988281 40.000000 1015.23 1015 1015
39.946289 40.000000 1069.82 1069 1069
39.977539 40.000000 1029.20 1029 1029
40.051758 40.000000 932.71 932 932
40.058594 40.000000 923.83 923 923
40.092773 40.000000 879.39 879 879
40.116211 40.000000 848.93 848 848
40.106445 40.000000 861.62 861 861
40.091797 40.000000 880.66 880 880
40.058594 40.000000 923.83 923 923
40.051758 40.000000 932.71 932 932
40.022461 40.000000 970.80 970 970
40.037109 40.000000 951.76 951 951
40.004883 40.000000 993.65 993 993
40.019531 40.000000 974.61 974 974
39.958984 40.000000 1053.32 1053 1053
39.953125 40.000000 1060.94 1060 1060
39.998047 40.000000 1002.54 1002 1002
40.015625 40.000000 979.69 979 979
40.030273 40.000000 960.64 960 960
39.998047 40.000000 1002.54 1002 1002
39.999023 40.000000 1001.27 1001 1001
40.053711 40.000000 930.18 930 930
40.052734 40.000000 931.45 931 931
40.063477 40.000000 917.48 917 917
40.062500 40.000000 918.75 918 918
40.000977 40.000000 998.73 998 998
40.041992 40.000000 945.41 945 945
40.063477 40.000000 917.48 917 917
