59.730469 58.588867 61.634766 61.934570 59.705078 59.870117 59.987305 60.000000 60.000000 60.000000 60.000000 60.000000 60.000000 60.000000 1231 2634 0 0 1212 981 817 
59.684570 58.526367 61.588867 61.916016 59.618164 59.836914 59.973633 60.000000 60.000000 60.000000 60.000000 60.000000 60.000000 60.000000 1304 2715 0 0 1334 1028 836 
59.611328 58.456055 61.562500 61.879883 59.548828 59.791016 59.950195 60.000000 60.000000 60.000000 60.000000 60.000000 60.000000 60.000000 1421 2807 0 0 1431 1092 869 
59.499023 58.382813 61.517578 61.896484 59.490234 59.709961 59.928711 60.000000 60.000000 60.000000 60.000000 60.000000 60.000000 60.000000 1601 2902 0 0 1513 1206 899 
59.456055 58.338867 61.498047 61.849609 59.427734 59.682617 59.912109 60.000000 60.000000 60.000000 60.000000 60.000000 60.000000 60.000000 1670 2959 0 0 1601 1244 923 
59.372070 58.253906 61.462891 61.814453 59.393555 59.635742 59.834961 60.000000 60.000000 60.000000 60.000000 60.000000 60.000000 60.000000 1804 3069 0 0 1649 1309 1031 
59.326172 58.150391 61.444336 61.758789 59.301758 59.547852 59.841797 60.000000 60.000000 60.000000 60.000000 60.000000 60.000000 60.000000 1878 3204 0 0 1777 1433 1021 
59.259766 58.061523 61.429688 61.765625 59.275391 59.442383 59.834961 60.000000 60.000000 60.000000 60.000000 60.000000 60.000000 60.000000 1984 3320 0 0 1814 1580 1031 
59.231445 58.039063 61.424805 61.653320 59.254883 59.333984 59.743164 60.000000 60.000000 60.000000 60.000000 60.000000 60.000000 60.000000 2029 3349 0 0 1843 1732 1159 
59.140625 57.928711 61.366211 61.644531 59.184570 59.290039 59.755859 60.000000 60.000000 60.000000 60.000000 60.000000 60.000000 60.000000 2175 3492 0 0 1941 1793 1141 
59.074219 57.866211 61.360352 61.596680 59.187500 59.309570 59.735352 60.000000 60.000000 60.000000 60.000000 60.000000 60.000000 60.000000 2281 3573 0 0 1937 1766 1170 
59.028320 57.811523 61.283203 61.583008 59.141602 59.326172 59.677734 60.000000 60.000000 60.000000 60.000000 60.000000 60.000000 60.000000 2354 3645 0 0 2001 1743 1251 
58.920898 57.756836 61.246094 61.557617 59.107422 59.291992 59.651367 60.000000 60.000000 60.000000 60.000000 60.000000 60.000000 60.000000 2526 3716 0 0 2049 1791 1288 
58.873047 57.666992 61.215820 61.538086 59.022461 59.314453 59.630859 60.000000 60.000000 60.000000 60.000000 60.000000 60.000000 60.000000 2603 3832 0 0 2168 1759 1316 
58.803711 57.618164 61.194336 61.483398 58.951172 59.352539 59.649414 60.000000 60.000000 60.000000 60.000000 60.000000 60.000000 60.000000 2714 3896 0 0 2268 1706 1290 
58.785156 57.565430 61.136719 61.457031 58.933594 59.331055 59.559570 60.000000 60.000000 60.000000 60.000000 60.000000 60.000000 60.000000 2743 3964 0 0 2292 1736 1416 
58.758789 57.542969 61.074219 61.412109 58.903320 59.304688 59.556641 60.000000 60.000000 60.000000 60.000000 60.000000 60.000000 60.000000 2785 3994 0 0 2335 1773 1420 
58.632813 57.483398 61.020508 61.360352 58.875000 59.253906 59.535156 60.000000 60.000000 60.000000 60.000000 60.000000 60.000000 60.000000 2987 4071 0 0 2375 1844 1450 
58.519531 57.433594 60.934570 61.339844 58.784180 59.197266 59.481445 60.000000 60.000000 60.000000 60.000000 60.000000 60.000000 60.000000 3168 4136 0 0 2502 1923 1525 
58.434570 57.387695 60.897461 61.295898 58.724609 59.211914 59.466797 60.000000 60.000000 60.000000 60.000000 60.000000 60.000000 60.000000 3304 4195 0 0 2585 1903 1546 
58.378906 57.351563 60.856445 61.298828 58.687500 59.115234 59.442383 60.000000 60.000000 60.000000 60.000000 60.000000 60.000000 60.000000 3393 4242 0 0 2637 2038 1580 
58.305664 57.300781 60.826172 61.237305 58.646484 58.924805 59.375000 60.000000 60.000000 60.000000 60.000000 60.000000 60.000000 60.000000 3510 4308 0 0 2694 2305 1675 
58.251953 57.243164 60.742188 61.176758 58.593750 58.810547 59.372070 60.000000 60.000000 60.000000 60.000000 60.000000 60.000000 60.000000 3596 4383 0 0 2768 2465 1679 
58.188477 57.170898 60.720703 61.126953 58.584961 58.702148 59.365234 60.000000 60.000000 60.000000 60.000000 60.000000 60.000000 60.000000 3698 4477 0 0 2781 2616 1688 
58.154297 57.124023 60.692383 61.109375 58.541016 58.615234 59.312500 60.000000 60.000000 60.000000 60.000000 60.000000 60.000000 60.000000 3753 4538 0 0 2842 2738 1762 
58.128906 57.064453 60.675781 61.060547 58.498047 58.581055 59.285156 60.000000 60.000000 60.000000 60.000000 60.000000 60.000000 60.000000 3793 4616 0 0 2902 2786 1800 
58.036133 56.998047 60.601563 60.991211 58.501953 58.577148 59.205078 60.000000 60.000000 60.000000 60.000000 60.000000 60.000000 60.000000 3942 4702 17 0 2897 2791 1912 
58.046875 56.957031 60.596680 60.988281 58.462891 58.625000 59.173828 60.000000 60.000000 60.000000 60.000000 60.000000 60.000000 60.000000 3925 4755 24 0 2951 2725 1956 
58.022461 56.864258 60.599609 60.964844 58.399414 58.602539 59.081055 60.000000 60.000000 60.000000 60.000000 60.000000 60.000000 60.000000 3964 4876 20 0 3040 2756 2086 
57.959961 56.813477 60.554688 60.914063 58.345703 58.661133 59.034180 60.000000 60.000000 60.000000 60.000000 60.000000 60.000000 60.000000 4064 4942 78 0 3116 2674 2152 
57.916016 56.767578 60.511719 60.848633 58.282227 58.648438 59.036133 60.000000 60.000000 60.000000 60.000000 60.000000 60.000000 60.000000 4134 5002 134 0 3204 2692 2149 
57.903320 56.719727 60.478516 60.800781 58.242188 58.709961 58.997070 60.000000 60.000000 60.000000 60.000000 60.000000 60.000000 60.000000 4154 5064 177 0 3260 2606 2204 
57.898438 56.669922 60.461914 60.763672 58.211914 58.684570 58.928711 60.000000 60.000000 60.000000 60.000000 60.000000 60.000000 60.000000 4162 5129 199 0 3303 2641 2299 
57.794922 56.632813 60.384766 60.748047 58.094727 58.729492 58.907227 60.000000 60.000000 60.000000 60.000000 60.000000 60.000000 60.000000 4328 5177 299 0 3467 2578 2329 
57.733398 56.567383 60.320313 60.720703 58.014648 58.762695 58.853516 60.000000 60.000000 60.000000 60.000000 60.000000 60.000000 60.000000 4426 5262 383 0 3579 2532 2405 
57.694336 56.533203 60.359375 60.670898 57.971680 58.633789 58.843750 60.000000 60.000000 60.000000 60.000000 60.000000 60.000000 60.000000 4489 5306 332 0 3639 2712 2418 
57.631836 56.442383 60.237305 60.642578 57.903320 58.430664 58.806641 60.000000 60.000000 60.000000 60.000000 60.000000 60.000000 60.000000 4589 5424 491 0 3735 2997 2470 
57.626953 56.415039 60.228516 60.571289 57.900391 58.332031 58.777344 60.000000 60.000000 60.000000 60.000000 60.000000 60.000000 60.000000 4596 5460 502 0 3739 3135 2511 
57.567383 56.406250 60.155273 60.529297 57.869141 58.247070 58.711914 60.000000 60.000000 60.000000 60.000000 60.000000 60.000000 60.000000 4692 5471 598 58 3783 3254 2603 
57.521484 56.337891 60.128906 60.520508 57.878906 58.217773 58.713867 60.000000 60.000000 60.000000 60.000000 60.000000 60.000000 60.000000 4765 5560 632 71 3769 3295 2600 
57.421875 56.276367 60.010742 60.438477 57.809570 58.152344 58.678711 60.000000 60.000000 60.000000 60.000000 60.000000 60.000000 60.000000 4925 5640 786 186 3866 3386 2649 
57.342773 56.236328 59.968750 60.396484 57.788086 58.021484 58.654297 60.000000 60.000000 60.000000 60.000000 60.000000 60.000000 60.000000 5051 5692 840 244 3896 3569 2683 
57.208984 56.205078 59.926758 60.355469 57.728516 57.895508 58.616211 60.000000 60.000000 60.000000 60.000000 60.000000 60.000000 60.000000 5265 5733 895 302 3980 3746 2737 
57.109375 56.151367 59.891602 60.322266 57.677734 57.780273 58.572266 60.000000 60.000000 60.000000 60.000000 60.000000 60.000000 60.000000 5425 5803 940 348 4051 3907 2798 
57.090820 56.111328 59.881836 60.298828 57.607422 57.777344 58.542969 60.000000 60.000000 60.000000 60.000000 60.000000 60.000000 60.000000 5454 5855 953 381 4149 3911 2839 
57.043945 56.065430 59.864258 60.219727 57.640625 57.779297 58.500000 60.000000 60.000000 60.000000 60.000000 60.000000 60.000000 60.000000 5529 5914 976 492 4103 3908 2900 
57.021484 55.991211 59.745117 60.215820 57.588867 57.716797 58.483398 60.000000 60.000000 60.000000 60.000000 60.000000 60.000000 60.000000 5565 6011 1131 497 4175 3996 2923 
57.025391 55.978516 59.722656 60.136719 57.489258 57.545898 58.450195 60.000000 60.000000 60.000000 60.000000 60.000000 60.000000 60.000000 5559 6027 1160 608 4315 4235 2969 
56.922852 55.955078 59.634766 60.098633 57.471680 57.361328 58.396484 60.000000 60.000000 60.000000 60.000000 60.000000 60.000000 60.000000 5723 6058 1274 661 4339 4494 3044 
56.831055 55.835938 59.597656 60.015625 57.424805 57.309570 58.349609 60.000000 60.000000 60.000000 60.000000 60.000000 60.000000 60.000000 5870 6213 1323 778 4405 4566 3110 
56.810547 55.742188 59.548828 59.968750 57.352539 57.327148 58.348633 60.000000 60.000000 60.000000 60.000000 60.000000 60.000000 60.000000 5903 6335 1386 843 4506 4541 3111 
56.780273 55.611328 59.538086 59.965820 57.304688 57.353516 58.300781 60.000000 60.000000 60.000000 60.000000 60.000000 60.000000 60.000000 5951 6505 1400 847 4573 4505 3178 
56.710938 55.640625 59.481445 59.885742 57.293945 57.419922 58.293945 60.000000 60.000000 60.000000 60.000000 60.000000 60.000000 60.000000 6062 6467 1474 959 4588 4412 3188 
56.679688 55.577148 59.457031 59.866211 57.254883 57.540039 58.199219 60.000000 60.000000 60.000000 60.000000 60.000000 60.000000 60.000000 6112 6549 1505 987 4643 4243 3321 
56.657227 55.572266 59.430664 59.807617 57.221680 57.539063 58.190430 60.000000 60.000000 60.000000 60.000000 60.000000 60.000000 60.000000 6148 6556 1540 1069 4689 4245 3333 
56.656250 55.504883 59.343750 59.777344 57.162109 57.493164 58.132813 60.000000 60.000000 60.000000 60.000000 60.000000 60.000000 60.000000 6150 6643 1653 1111 4773 4309 3414 
56.601563 55.505859 59.314453 59.743164 57.169922 57.484375 58.102539 60.000000 60.000000 60.000000 60.000000 60.000000 60.000000 60.000000 6237 6642 1691 1159 4762 4321 3456 
56.545898 55.465820 59.241211 59.661133 57.131836 57.390625 58.040039 60.000000 60.000000 60.000000 60.000000 60.000000 60.000000 60.000000 6326 6694 1786 1274 4815 4453 3543 
56.457031 55.458008 59.189453 59.617188 57.058594 57.342773 58.040039 60.000000 60.000000 60.000000 60.000000 60.000000 60.000000 60.000000 6468 6704 1853 1335 4917 4520 3543 
56.393555 55.381836 59.176758 59.602539 57.029297 57.233398 57.947266 60.000000 60.000000 60.000000 60.000000 60.000000 60.000000 60.000000 6570 6803 1870 1356 4958 4673 3673 
56.342773 55.303711 59.068359 59.517578 56.989258 57.131836 57.923828 60.000000 60.000000 60.000000 60.000000 60.000000 60.000000 60.000000 6651 6905 2011 1475 5015 4815 3706 
56.280273 55.249023 58.992188 59.417969 56.918945 57.045898 57.941406 60.000000 60.000000 60.000000 60.000000 60.000000 60.000000 60.000000 6751 6976 2110 1614 5113 4935 3682 
56.264648 55.182617 58.972656 59.360352 56.923828 56.957031 57.893555 60.000000 60.000000 60.000000 60.000000 60.000000 60.000000 60.000000 6776 7062 2135 1695 5106 5060 3749 
56.257813 55.100586 58.933594 59.292969 56.862305 56.847656 57.840820 60.000000 60.000000 60.000000 60.000000 60.000000 60.000000 60.000000 6787 7169 2186 1789 5192 5213 3822 
56.187500 55.057617 58.936523 59.279297 56.804688 56.791992 57.832031 60.000000 60.000000 60.000000 60.000000 60.000000 60.000000 60.000000 6900 7225 2182 1808 5273 5291 3835 
56.210938 55.015625 58.901367 59.229492 56.775391 56.910156 57.755859 60.000000 60.000000 60.000000 60.000000 60.000000 60.000000 60.000000 6862 7279 2228 1878 5314 5125 3941 
56.165039 55.072266 58.841797 59.255859 56.720703 56.866211 57.719727 60.000000 60.000000 60.000000 60.000000 60.000000 60.000000 60.000000 6935 7206 2305 1841 5391 5187 3992 
56.113281 54.991211 58.822266 59.228516 56.683594 56.813477 57.666992 60.000000 60.000000 60.000000 60.000000 60.000000 60.000000 60.000000 7018 7311 2331 1880 5442 5261 4066 
56.064453 55.003906 58.794922 59.225586 56.626953 56.806641 57.641602 60.000000 60.000000 60.000000 60.000000 60.000000 60.000000 60.000000 7096 7294 2366 1884 5522 5270 4101 
56.030273 54.935547 58.704102 59.188477 56.609375 56.770508 57.583008 60.000000 60.000000 60.000000 60.000000 60.000000 60.000000 60.000000 7151 7383 2484 1936 5546 5321 4183 
55.964844 54.890625 58.671875 59.148438 56.573242 56.754883 57.577148 60.000000 60.000000 60.000000 60.000000 60.000000 60.000000 60.000000 7256 7442 2526 1992 5597 5343 4191 
55.897461 54.864258 58.645508 59.082031 56.542969 56.708008 57.546875 60.000000 60.000000 60.000000 60.000000 60.000000 60.000000 60.000000 7364 7476 2560 2085 5639 5408 4234 
55.830078 54.814453 58.619141 59.061523 56.535156 56.628906 57.512695 60.000000 60.000000 60.000000 60.000000 60.000000 60.000000 60.000000 7471 7541 2595 2113 5650 5519 4282 
55.763672 54.746094 58.539063 59.032227 56.486328 56.568359 57.471680 60.000000 60.000000 60.000000 60.000000 60.000000 60.000000 60.000000 7578 7630 2699 2154 5719 5604 4339 
55.708008 54.779297 58.488281 58.989258 56.450195 56.501953 57.412109 60.000000 60.000000 60.000000 60.000000 60.000000 60.000000 60.000000 7667 7586 2765 2215 5769 5697 4423 
55.670898 54.699219 58.458984 58.942383 56.423828 56.368164 57.416016 60.000000 60.000000 60.000000 60.000000 60.000000 60.000000 60.000000 7726 7691 2803 2280 5806 5884 4417 
55.605469 54.659180 58.423828 58.852539 56.352539 56.306641 57.347656 60.000000 60.000000 60.000000 60.000000 60.000000 60.000000 60.000000 7831 7743 2849 2406 5906 5970 4513 
55.567383 54.613281 58.379883 58.835938 56.322266 56.145508 57.284180 60.000000 60.000000 60.000000 60.000000 60.000000 60.000000 60.000000 7892 7802 2906 2429 5948 6196 4602 
55.479492 54.575195 58.302734 58.801758 56.271484 56.064453 57.264648 60.000000 60.000000 60.000000 60.000000 60.000000 60.000000 60.000000 8032 7852 3006 2477 6019 6309 4629 
55.457031 54.472656 58.279297 58.725586 56.258789 56.065430 57.234375 60.000000 60.000000 60.000000 60.000000 60.000000 60.000000 60.000000 8068 7985 3036 2584 6037 6308 4671 
55.431641 54.423828 58.266602 58.646484 56.157227 56.098633 57.182617 60.000000 60.000000 60.000000 60.000000 60.000000 60.000000 60.000000 8109 8049 3053 2694 6179 6261 4744 
55.411133 54.389648 58.244141 58.604492 56.120117 56.140625 57.150391 60.000000 60.000000 60.000000 60.000000 60.000000 60.000000 60.000000 8142 8093 3082 2753 6231 6203 4789 
55.401367 54.347656 58.234375 58.582031 56.088867 56.214844 57.102539 60.000000 60.000000 60.000000 60.000000 60.000000 60.000000 60.000000 8157 8148 3095 2785 6275 6099 4856 
55.406250 54.284180 58.191406 58.502930 56.042969 56.291992 57.085938 60.000000 60.000000 60.000000 60.000000 60.000000 60.000000 60.000000 8150 8230 3151 2895 6339 5991 4879 
55.363281 54.278320 58.161133 58.492188 55.964844 56.347656 57.005859 60.000000 60.000000 60.000000 60.000000 60.000000 60.000000 60.000000 8218 8238 3190 2910 6449 5913 4991 
55.346680 54.218750 58.129883 58.488281 55.970703 56.390625 56.979492 60.000000 60.000000 60.000000 60.000000 60.000000 60.000000 60.000000 8245 8315 3231 2916 6441 5853 5028 
55.319336 54.182617 58.097656 58.446289 55.955078 56.363281 56.919922 60.000000 60.000000 60.000000 60.000000 60.000000 60.000000 60.000000 8289 8362 3273 2975 6462 5891 5112 
55.279297 54.188477 58.052734 58.411133 55.869141 56.318359 56.920898 60.000000 60.000000 60.000000 60.000000 60.000000 60.000000 60.000000 8353 8354 3331 3024 6583 5954 5110 
55.244141 54.126953 57.968750 58.407227 55.872070 56.203125 56.828125 60.000000 60.000000 60.000000 60.000000 60.000000 60.000000 60.000000 8409 8434 3440 3029 6579 6115 5240 
55.219727 54.039063 57.904297 58.336914 55.818359 56.145508 56.832031 60.000000 60.000000 60.000000 60.000000 60.000000 60.000000 60.000000 8448 8549 3524 3128 6654 6196 5235 
55.126953 53.981445 57.881836 58.277344 55.808594 56.071289 56.779297 60.000000 60.000000 60.000000 60.000000 60.000000 60.000000 60.000000 8596 8624 3553 3211 6667 6300 5308 
55.097656 53.917969 57.851563 58.226563 55.791016 55.942383 56.754883 60.000000 60.000000 60.000000 60.000000 60.000000 60.000000 60.000000 8643 8706 3592 3282 6692 6480 5343 
55.039063 53.849609 57.789063 58.191406 55.745117 55.897461 56.732422 60.000000 60.000000 60.000000 60.000000 60.000000 60.000000 60.000000 8737 8795 3674 3332 6756 6543 5374 
55.006836 53.854492 57.796875 58.131836 55.678711 55.835938 56.692383 60.000000 60.000000 60.000000 60.000000 60.000000 60.000000 60.000000 8789 8789 3664 3415 6849 6629 5430 
55.002930 53.822266 57.746094 58.061523 55.611328 55.823242 56.645508 60.000000 60.000000 60.000000 60.000000 60.000000 60.000000 60.000000 8795 8831 3730 3513 6944 6647 5496 
54.948242 53.739258 57.750977 58.021484 55.546875 55.893555 56.594727 60.000000 60.000000 60.000000 60.000000 60.000000 60.000000 60.000000 8882 8938 3723 3569 7034 6549 5567 
54.932617 53.704102 57.730469 57.971680 55.553711 55.889648 56.552734 60.000000 60.000000 60.000000 60.000000 60.000000 60.000000 60.000000 8907 8984 3750 3639 7024 6554 5626 
54.859375 53.680664 57.687500 57.928711 55.482422 55.950195 56.546875 60.000000 60.000000 60.000000 60.000000 60.000000 60.000000 60.000000 9025 9015 3806 3699 7124 6469 5634 
54.867188 53.663086 57.641602 57.899414 55.437500 55.966797 56.499023 60.000000 60.000000 60.000000 60.000000 60.000000 60.000000 60.000000 9012 9037 3865 3740 7187 6446 5701 
54.756836 53.629883 57.611328 57.885742 55.418945 56.041992 56.402344 60.000000 60.000000 60.000000 60.000000 60.000000 60.000000 60.000000 9189 9081 3905 3759 7213 6341 5836 
54.771484 53.567383 57.608398 57.845703 55.370117 56.083984 56.360352 60.000000 60.000000 60.000000 60.000000 60.000000 60.000000 60.000000 9165 9162 3909 3816 7281 6282 5895 
54.732422 53.552734 57.542969 57.811523 55.334961 56.113281 56.339844 60.000000 60.000000 60.000000 60.000000 60.000000 60.000000 60.000000 9228 9181 3994 3863 7331 6241 5924 
54.700195 53.508789 57.503906 57.788086 55.291016 56.054688 56.290039 60.000000 60.000000 60.000000 60.000000 60.000000 60.000000 60.000000 9279 9238 4044 3896 7392 6323 5993 
54.691406 53.470703 57.485352 57.756836 55.287109 56.054688 56.250977 60.000000 60.000000 60.000000 60.000000 60.000000 60.000000 60.000000 9293 9288 4069 3940 7398 6323 6048 
54.669922 53.443359 57.455078 57.713867 55.228516 56.034180 56.224609 60.000000 60.000000 60.000000 60.000000 60.000000 60.000000 60.000000 9328 9323 4108 4000 7480 6352 6085 
54.626953 53.378906 57.420898 57.695313 55.180664 56.035156 56.152344 60.000000 60.000000 60.000000 60.000000 60.000000 60.000000 60.000000 9396 9407 4152 4026 7547 6350 6186 
54.595703 53.363281 57.371094 57.643555 55.081055 56.045898 56.130859 60.000000 60.000000 60.000000 60.000000 60.000000 60.000000 60.000000 9446 9427 4217 4099 7686 6335 6216 
54.615234 53.342773 57.293945 57.567383 55.085938 55.936523 56.103516 60.000000 60.000000 60.000000 60.000000 60.000000 60.000000 60.000000 9415 9454 4317 4205 7679 6488 6255 
54.546875 53.291016 57.250000 57.561523 55.060547 55.841797 56.060547 60.000000 60.000000 60.000000 60.000000 60.000000 60.000000 60.000000 9525 9521 4375 4213 7715 6621 6315 
54.454102 53.264648 57.220703 57.495117 55.024414 55.669922 56.028320 60.000000 60.000000 60.000000 60.000000 60.000000 60.000000 60.000000 9673 9555 4413 4306 7765 6862 6360 
54.369141 53.231445 57.199219 57.491211 54.991211 55.564453 55.993164 60.000000 60.000000 60.000000 60.000000 60.000000 60.000000 60.000000 9809 9599 4441 4312 7812 7009 6409 
54.324219 53.146484 57.126953 57.455078 54.969727 55.515625 55.955078 60.000000 60.000000 60.000000 60.000000 60.000000 60.000000 60.000000 9881 9709 4534 4362 7842 7078 6462 
54.263672 53.163086 57.114258 57.387695 54.954102 55.456055 55.922852 60.000000 60.000000 60.000000 60.000000 60.000000 60.000000 60.000000 9978 9687 4551 4457 7864 7161 6508 
54.270508 53.097656 57.067383 57.360352 54.921875 55.433594 55.870117 60.000000 60.000000 60.000000 60.000000 60.000000 60.000000 60.000000 9967 9773 4612 4495 7909 7192 6581 
54.195313 53.083008 57.014648 57.359375 54.869141 55.405273 55.812500 60.000000 60.000000 60.000000 60.000000 60.000000 60.000000 60.000000 10087 9792 4680 4496 7983 7232 6662 
54.197266 53.020508 56.980469 57.270508 54.846680 55.363281 55.799805 60.000000 60.000000 60.000000 60.000000 60.000000 60.000000 60.000000 10084 9873 4725 4621 8014 7291 6680 
54.161133 52.968750 56.962891 57.259766 54.782227 55.360352 55.784180 60.000000 60.000000 60.000000 60.000000 60.000000 60.000000 60.000000 10142 9940 4748 4636 8104 7295 6702 
54.159180 52.936523 56.954102 57.221680 54.737305 55.330078 55.737305 60.000000 60.000000 60.000000 60.000000 60.000000 60.000000 60.000000 10145 9982 4759 4689 8167 7337 6767 
54.168945 52.864258 56.927734 57.197266 54.672852 55.352539 55.700195 60.000000 60.000000 60.000000 60.000000 60.000000 60.000000 60.000000 10129 10076 4793 4723 8258 7306 6819 
54.083008 52.817383 56.903320 57.123047 54.575195 55.381836 55.658203 60.000000 60.000000 60.000000 60.000000 60.000000 60.000000 60.000000 10267 10137 4825 4827 8394 7265 6878 
54.036133 52.762695 56.872070 57.105469 54.539063 55.426758 55.647461 60.000000 60.000000 60.000000 60.000000 60.000000 60.000000 60.000000 10342 10208 4866 4852 8445 7202 6893 
54.039063 52.683594 56.846680 57.063477 54.537109 55.439453 55.632813 60.000000 60.000000 60.000000 60.000000 60.000000 60.000000 60.000000 10337 10311 4899 4911 8448 7184 6914 
54.023438 52.632813 56.799805 57.034180 54.500977 55.427734 55.572266 60.000000 60.000000 60.000000 60.000000 60.000000 60.000000 60.000000 10362 10377 4960 4952 8498 7201 6998 
53.986328 52.608398 56.761719 56.971680 54.477539 55.360352 55.529297 60.000000 60.000000 60.000000 60.000000 60.000000 60.000000 60.000000 10421 10409 5009 5039 8531 7295 7058 
53.938477 52.599609 56.691406 56.979492 54.423828 55.234375 55.515625 60.000000 60.000000 60.000000 60.000000 60.000000 60.000000 60.000000 10498 10420 5101 5028 8606 7471 7078 
53.864258 52.594727 56.670898 56.919922 54.416016 55.089844 55.471680 60.000000 60.000000 60.000000 60.000000 60.000000 60.000000 60.000000 10617 10426 5127 5112 8617 7674 7139 
53.831055 52.557617 56.636719 56.900391 54.394531 54.923828 55.419922 60.000000 60.000000 60.000000 60.000000 60.000000 60.000000 60.000000 10670 10475 5172 5139 8647 7906 7212 
53.825195 52.491211 56.641602 56.831055 54.343750 54.888672 55.432617 60.000000 60.000000 60.000000 60.000000 60.000000 60.000000 60.000000 10679 10561 5165 5236 8718 7955 7194 
53.773438 52.459961 56.590820 56.787109 54.254883 54.860352 55.392578 60.000000 60.000000 60.000000 60.000000 60.000000 60.000000 60.000000 10762 10602 5231 5298 8843 7995 7250 
53.753906 52.423828 56.576172 56.743164 54.261719 54.914063 55.384766 60.000000 60.000000 60.000000 60.000000 60.000000 60.000000 60.000000 10793 10649 5250 5359 8833 7920 7261 
53.731445 52.350586 56.503906 56.701172 54.215820 54.962891 55.296875 60.000000 60.000000 60.000000 60.000000 60.000000 60.000000 60.000000 10829 10744 5344 5418 8897 7851 7384 
53.702148 52.274414 56.509766 56.649414 54.204102 55.017578 55.280273 60.000000 60.000000 60.000000 60.000000 60.000000 60.000000 60.000000 10876 10843 5337 5490 8914 7775 7407 
53.680664 52.189453 56.466797 56.534180 54.167969 55.009766 55.274414 60.000000 60.000000 60.000000 60.000000 60.000000 60.000000 60.000000 10910 10953 5393 5652 8964 7786 7415 
53.660156 52.118164 56.441406 56.501953 54.159180 55.009766 55.227539 60.000000 60.000000 60.000000 60.000000 60.000000 60.000000 60.000000 10943 11046 5426 5697 8977 7786 7481 
53.604492 52.091797 56.389648 56.455078 54.070313 54.979492 55.177734 60.000000 60.000000 60.000000 60.000000 60.000000 60.000000 60.000000 11032 11080 5493 5762 9101 7828 7551 
53.553711 52.150391 56.348633 56.438477 54.092773 55.017578 55.153320 60.000000 60.000000 60.000000 60.000000 60.000000 60.000000 60.000000 11114 11004 5546 5786 9070 7775 7585 
53.528320 52.121094 56.330078 56.401367 54.004883 55.017578 55.115234 60.000000 60.000000 60.000000 60.000000 60.000000 60.000000 60.000000 11154 11042 5570 5838 9193 7775 7638 
53.516602 52.083008 56.283203 56.410156 53.961914 54.950195 55.080078 60.000000 60.000000 60.000000 60.000000 60.000000 60.000000 60.000000 11173 11092 5631 5825 9253 7869 7687 
53.445313 52.076172 56.250977 56.352539 53.922852 54.787109 55.080078 60.000000 60.000000 60.000000 60.000000 60.000000 60.000000 60.000000 11287 11100 5673 5906 9308 8098 7687 
53.416992 52.047852 56.211914 56.334961 53.932617 54.706055 55.064453 60.000000 60.000000 60.000000 60.000000 60.000000 60.000000 60.000000 11332 11137 5724 5931 9294 8211 7709 
53.356445 52.020508 56.169922 56.262695 53.889648 54.631836 54.977539 60.000000 60.000000 60.000000 60.000000 60.000000 60.000000 60.000000 11429 11173 5779 6032 9354 8315 7831 
53.320313 51.971680 56.115234 56.214844 53.856445 54.544922 54.939453 60.000000 60.000000 60.000000 60.000000 60.000000 60.000000 60.000000 11487 11236 5850 6099 9400 8437 7884 
53.264648 51.943359 56.097656 56.178711 53.813477 54.468750 54.888672 60.000000 60.000000 60.000000 60.000000 60.000000 60.000000 60.000000 11576 11273 5873 6149 9461 8543 7955 
53.267578 51.910156 56.062500 56.116211 53.804688 54.479492 54.880859 60.000000 60.000000 60.000000 60.000000 60.000000 60.000000 60.000000 11571 11316 5918 6237 9473 8528 7966 
53.168945 51.803711 56.049805 56.054688 53.748047 54.447266 54.846680 60.000000 60.000000 60.000000 60.000000 60.000000 60.000000 60.000000 11729 11455 5935 6323 9552 8573 8014 
53.143555 51.772461 56.013672 56.015625 53.695313 54.458008 54.804688 60.000000 60.000000 60.000000 60.000000 60.000000 60.000000 60.000000 11770 11495 5982 6378 9626 8558 8073 
53.088867 51.728516 55.988281 56.008789 53.697266 54.532227 54.776367 60.000000 60.000000 60.000000 60.000000 60.000000 60.000000 60.000000 11857 11552 6015 6387 9623 8454 8113 
53.049805 51.672852 55.955078 55.942383 53.630859 54.554688 54.740234 60.000000 60.000000 60.000000 60.000000 60.000000 60.000000 60.000000 11920 11625 6058 6480 9716 8423 8163 
53.000000 51.641602 55.950195 55.923828 53.625000 54.554688 54.712891 60.000000 60.000000 60.000000 60.000000 60.000000 60.000000 60.000000 12000 11665 6064 6506 9725 8423 8201 
52.986328 51.579102 55.908203 55.918945 53.576172 54.553711 54.673828 60.000000 60.000000 60.000000 60.000000 60.000000 60.000000 60.000000 12021 11747 6119 6513 9793 8424 8256 
52.925781 51.569336 55.865234 55.893555 53.538086 54.575195 54.615234 60.000000 60.000000 60.000000 60.000000 60.000000 60.000000 60.000000 12118 11759 6175 6549 9846 8394 8338 
52.918945 51.531250 55.841797 55.834961 53.525391 54.464844 54.588867 60.000000 60.000000 60.000000 60.000000 60.000000 60.000000 60.000000 12129 11809 6205 6631 9864 8549 8375 
52.905273 51.526367 55.757813 55.816406 53.476563 54.377930 54.539063 60.000000 60.000000 60.000000 60.000000 60.000000 60.000000 60.000000 12151 11815 6314 6657 9932 8670 8445 
52.881836 51.448242 55.708984 55.750977 53.441406 54.147461 54.520508 60.000000 60.000000 60.000000 60.000000 60.000000 60.000000 60.000000 12189 11917 6378 6748 9982 8993 8471 
52.813477 51.416992 55.690430 55.727539 53.387695 54.042969 54.498047 60.000000 60.000000 60.000000 60.000000 60.000000 60.000000 60.000000 12298 11957 6402 6781 10057 9139 8502 
52.802734 51.359375 55.651367 55.707031 53.355469 53.974609 54.468750 60.000000 60.000000 60.000000 60.000000 60.000000 60.000000 60.000000 12315 12032 6453 6810 10102 9235 8543 
52.799805 51.353516 55.629883 55.651367 53.333008 53.922852 54.443359 60.000000 60.000000 60.000000 60.000000 60.000000 60.000000 60.000000 12320 12040 6481 6888 10133 9308 8579 
52.773438 51.329102 55.559570 55.618164 53.308594 53.799805 54.389648 60.000000 60.000000 60.000000 60.000000 60.000000 60.000000 60.000000 12362 12072 6572 6934 10167 9480 8654 
52.697266 51.312500 55.465820 55.600586 53.288086 53.719727 54.396484 60.000000 60.000000 60.000000 60.000000 60.000000 60.000000 60.000000 12484 12093 6694 6959 10196 9592 8644 
52.622070 51.320313 55.418945 55.533203 53.227539 53.588867 54.339844 60.000000 60.000000 60.000000 60.000000 60.000000 60.000000 60.000000 12604 12083 6755 7053 10281 9775 8724 
52.515625 51.226563 55.346680 55.524414 53.218750 53.506836 54.299805 60.000000 60.000000 60.000000 60.000000 60.000000 60.000000 60.000000 12775 12205 6849 7065 10293 9890 8780 
52.408203 51.187500 55.356445 55.497070 53.189453 53.549805 54.242188 60.000000 60.000000 60.000000 60.000000 60.000000 60.000000 60.000000 12946 12256 6836 7104 10334 9830 8860 
52.380859 51.184570 55.296875 55.482422 53.128906 53.583984 54.225586 60.000000 60.000000 60.000000 60.000000 60.000000 60.000000 60.000000 12990 12260 6914 7124 10419 9782 8884 
52.359375 51.174805 55.289063 55.427734 53.108398 53.542969 54.186523 60.000000 60.000000 60.000000 60.000000 60.000000 60.000000 60.000000 13025 12272 6924 7201 10448 9839 8938 
52.313477 51.117188 55.266602 55.354492 53.056641 53.583008 54.165039 60.000000 60.000000 60.000000 60.000000 60.000000 60.000000 60.000000 13098 12347 6953 7303 10520 9783 8968 
52.333984 51.039063 55.263672 55.317383 52.996094 53.637695 54.140625 60.000000 60.000000 60.000000 60.000000 60.000000 60.000000 60.000000 13065 12449 6957 7355 10605 9707 9003 
52.342773 50.998047 55.246094 55.236328 52.939453 53.651367 54.115234 60.000000 60.000000 60.000000 60.000000 60.000000 60.000000 60.000000 13051 12502 6980 7469 10684 9688 9038 
52.311523 50.941406 55.278320 55.142578 52.893555 53.693359 54.093750 60.000000 60.000000 60.000000 60.000000 60.000000 60.000000 60.000000 13101 12576 6938 7600 10749 9629 9068 
52.251953 50.870117 55.229492 55.083008 52.866211 53.777344 54.080078 60.000000 60.000000 60.000000 60.000000 60.000000 60.000000 60.000000 13196 12668 7001 7683 10787 9511 9087 
52.241211 50.774414 55.180664 55.049805 52.796875 53.829102 54.025391 60.000000 60.000000 60.000000 60.000000 60.000000 60.000000 60.000000 13214 12793 7065 7730 10884 9439 9164 
52.189453 50.791016 55.148438 55.053711 52.708008 53.813477 53.982422 60.000000 60.000000 60.000000 60.000000 60.000000 60.000000 60.000000 13296 12771 7107 7724 11008 9461 9224 
52.170898 50.794922 55.100586 55.049805 52.635742 53.863281 53.956055 60.000000 60.000000 60.000000 60.000000 60.000000 60.000000 60.000000 13326 12766 7169 7730 11109 9391 9261 
52.126953 50.732422 55.080078 55.039063 52.648438 53.889648 53.893555 60.000000 60.000000 60.000000 60.000000 60.000000 60.000000 60.000000 13396 12847 7195 7745 11092 9354 9349 
52.128906 50.750977 55.066406 55.057617 52.622070 53.867188 53.871094 60.000000 60.000000 60.000000 60.000000 60.000000 60.000000 60.000000 13393 12823 7213 7719 11129 9385 9380 
52.133789 50.678711 55.035156 55.013672 52.601563 53.858398 53.831055 60.000000 60.000000 60.000000 60.000000 60.000000 60.000000 60.000000 13385 12917 7254 7780 11157 9398 9436 
52.091797 50.697266 54.994141 54.924805 52.600586 53.858398 53.799805 60.000000 60.000000 60.000000 60.000000 60.000000 60.000000 60.000000 13453 12893 7307 7905 11159 9398 9480 
52.103516 50.613281 54.946289 54.896484 52.562500 53.770508 53.749023 60.000000 60.000000 60.000000 60.000000 60.000000 60.000000 60.000000 13434 13002 7369 7944 11212 9521 9551 
52.047852 50.602539 54.931641 54.847656 52.587891 53.752930 53.706055 60.000000 60.000000 60.000000 60.000000 60.000000 60.000000 60.000000 13523 13016 7388 8013 11176 9545 9611 
52.028320 50.532227 54.916016 54.839844 52.552734 53.745117 53.709961 60.000000 60.000000 60.000000 60.000000 60.000000 60.000000 60.000000 13554 13108 7409 8024 11226 9556 9606 
51.947266 50.569336 54.850586 54.813477 52.544922 53.728516 53.647461 60.000000 60.000000 60.000000 60.000000 60.000000 60.000000 60.000000 13684 13059 7494 8061 11237 9580 9693 
51.978516 50.531250 54.795898 54.782227 52.508789 53.673828 53.619141 60.000000 60.000000 60.000000 60.000000 60.000000 60.000000 60.000000 13634 13109 7565 8104 11287 9656 9733 
51.927734 50.547852 54.746094 54.780273 52.447266 53.618164 53.576172 60.000000 60.000000 60.000000 60.000000 60.000000 60.000000 60.000000 13715 13087 7630 8107 11373 9734 9793 
51.917969 50.493164 54.757813 54.723633 52.449219 53.592773 53.511719 60.000000 60.000000 60.000000 60.000000 60.000000 60.000000 60.000000 13731 13158 7614 8186 11371 9770 9883 
51.848633 50.455078 54.711914 54.742188 52.383789 53.540039 53.453125 60.000000 60.000000 60.000000 60.000000 60.000000 60.000000 60.000000 13842 13208 7674 8160 11462 9843 9965 
51.824219 50.439453 54.684570 54.690430 52.370117 53.482422 53.458008 60.000000 60.000000 60.000000 60.000000 60.000000 60.000000 60.000000 13881 13228 7710 8233 11481 9924 9958 
51.781250 50.403320 54.625977 54.649414 52.295898 53.440430 53.411133 60.000000 60.000000 60.000000 60.000000 60.000000 60.000000 60.000000 13950 13275 7786 8290 11585 9983 10024 
51.764648 50.337891 54.651367 54.621094 52.287109 53.422852 53.406250 60.000000 60.000000 60.000000 60.000000 60.000000 60.000000 60.000000 13976 13360 7753 8330 11598 10008 10031 
51.761719 50.319336 54.604492 54.570313 52.221680 53.388672 53.375000 60.000000 60.000000 60.000000 60.000000 60.000000 60.000000 60.000000 13981 13384 7814 8401 11689 10055 10075 
51.757813 50.299805 54.579102 54.563477 52.226563 53.396484 53.346680 60.000000 60.000000 60.000000 60.000000 60.000000 60.000000 60.000000 13987 13410 7847 8411 11682 10044 10114 
51.706055 50.247070 54.585938 54.525391 52.184570 53.363281 53.295898 60.000000 60.000000 60.000000 60.000000 60.000000 60.000000 60.000000 14070 13478 7838 8464 11741 10091 10185 
51.676758 50.189453 54.519531 54.439453 52.167969 53.308594 53.264648 60.000000 60.000000 60.000000 60.000000 60.000000 60.000000 60.000000 14117 13553 7924 8584 11764 10167 10229 
51.630859 50.180664 54.491211 54.341797 52.159180 53.320313 53.266602 60.000000 60.000000 60.000000 60.000000 60.000000 60.000000 60.000000 14190 13565 7961 8721 11777 10151 10226 
51.645508 50.120117 54.470703 54.308594 52.139648 53.269531 53.189453 60.000000 60.000000 60.000000 60.000000 60.000000 60.000000 60.000000 14167 13643 7988 8767 11804 10222 10334 
51.612305 50.079102 54.386719 54.330078 52.095703 53.146484 53.180664 60.000000 60.000000 60.000000 60.000000 60.000000 60.000000 60.000000 14220 13697 8097 8737 11866 10394 10347 
51.575195 50.049805 54.359375 54.273438 52.121094 53.059570 53.175781 60.000000 60.000000 60.000000 60.000000 60.000000 60.000000 60.000000 14279 13735 8132 8817 11830 10516 10353 
51.527344 50.004883 54.336914 54.250977 52.041992 53.078125 53.101563 60.000000 60.000000 60.000000 60.000000 60.000000 60.000000 60.000000 14356 13793 8162 8848 11941 10490 10457 
51.456055 50.002930 54.307617 54.240234 51.976563 53.021484 53.084961 60.000000 60.000000 60.000000 60.000000 60.000000 60.000000 60.000000 14470 13796 8200 8863 12032 10569 10481 
51.456055 49.984375 54.305664 54.199219 51.993164 52.970703 53.052734 60.000000 60.000000 60.000000 60.000000 60.000000 60.000000 60.000000 14470 13820 8202 8921 12009 10641 10526 
51.433594 49.955078 54.314453 54.190430 51.931641 52.998047 53.002930 60.000000 60.000000 60.000000 60.000000 60.000000 60.000000 60.000000 14506 13858 8191 8933 12095 10602 10595 
51.393555 49.895508 54.252930 54.177734 51.913086 52.986328 52.990234 60.000000 60.000000 60.000000 60.000000 60.000000 60.000000 60.000000 14570 13935 8271 8951 12121 10619 10613 
51.304688 49.856445 54.241211 54.114258 51.790039 52.981445 52.981445 60.000000 60.000000 60.000000 60.000000 60.000000 60.000000 60.000000 14712 13986 8286 9040 12293 10625 10625 
51.277344 49.792969 54.231445 54.037109 51.778320 52.987305 52.925781 60.000000 60.000000 60.000000 60.000000 60.000000 60.000000 60.000000 14756 14069 8299 9148 12310 10617 10703 
51.247070 49.723633 54.190430 53.981445 51.723633 52.993164 52.936523 60.000000 60.000000 60.000000 60.000000 60.000000 60.000000 60.000000 14804 14159 8352 9225 12386 10609 10688 
51.193359 49.667969 54.188477 53.948242 51.734375 53.023438 52.901367 60.000000 60.000000 60.000000 60.000000 60.000000 60.000000 60.000000 14890 14231 8354 9272 12371 10567 10738 
51.197266 49.657227 54.150391 53.928711 51.698242 53.072266 52.855469 60.000000 60.000000 60.000000 60.000000 60.000000 60.000000 60.000000 14884 14245 8404 9299 12422 10498 10802 
51.188477 49.654297 54.092773 53.932617 51.671875 52.981445 52.844727 60.000000 60.000000 60.000000 60.000000 60.000000 60.000000 60.000000 14898 14249 8479 9294 12459 10625 10817 
51.125977 49.604492 53.922852 53.892578 51.655273 52.868164 52.830078 60.000000 60.000000 60.000000 60.000000 60.000000 60.000000 60.000000 14998 14314 8700 9350 12482 10784 10837 
51.089844 49.616211 53.833984 53.889648 51.603516 52.610352 52.799805 60.000000 60.000000 60.000000 60.000000 60.000000 60.000000 60.000000 15056 14298 8815 9354 12555 11145 10880 
51.060547 49.557617 53.771484 53.813477 51.528320 52.493164 52.782227 60.000000 60.000000 60.000000 60.000000 60.000000 60.000000 60.000000 15103 14375 8897 9461 12660 11309 10904 
50.994141 49.544922 53.757813 53.825195 51.505859 52.218750 52.751953 60.000000 60.000000 60.000000 60.000000 60.000000 60.000000 60.000000 15209 14391 8914 9444 12691 11693 10947 
50.832031 49.530273 53.742188 53.790039 51.458984 52.015625 52.708008 60.000000 60.000000 60.000000 60.000000 60.000000 60.000000 60.000000 15468 14410 8935 9493 12757 11978 11008 
50.727539 49.452148 53.742188 53.777344 51.392578 51.929688 52.684570 60.000000 60.000000 60.000000 60.000000 60.000000 60.000000 60.000000 15635 14512 8935 9511 12850 12098 11041 
50.697266 49.409180 53.719727 53.751953 51.363281 51.931641 52.667969 60.000000 60.000000 60.000000 60.000000 60.000000 60.000000 60.000000 15684 14568 8964 9547 12891 12095 11064 
50.660156 49.428711 53.704102 53.726563 51.329102 51.951172 52.630859 60.000000 60.000000 60.000000 60.000000 60.000000 60.000000 60.000000 15743 14542 8984 9582 12939 12068 11116 
50.627930 49.386719 53.701172 53.699219 51.219727 51.940430 52.595703 60.000000 60.000000 60.000000 60.000000 60.000000 60.000000 60.000000 15795 14597 8988 9621 13092 12083 11166 
50.606445 49.375000 53.634766 53.681641 51.193359 51.991211 52.576172 60.000000 60.000000 60.000000 60.000000 60.000000 60.000000 60.000000 15829 14612 9074 9645 13129 12012 11193 
50.594727 49.335938 53.625977 53.665039 51.178711 52.024414 52.511719 60.000000 60.000000 60.000000 60.000000 60.000000 60.000000 60.000000 15848 14663 9086 9668 13149 11965 11283 
50.602539 49.301758 53.559570 53.608398 51.140625 52.086914 52.495117 60.000000 60.000000 60.000000 60.000000 60.000000 60.000000 60.000000 15835 14707 9172 9748 13203 11878 11306 
50.593750 49.284180 53.549805 53.599609 51.191406 52.159180 52.473633 60.000000 60.000000 60.000000 60.000000 60.000000 60.000000 60.000000 15850 14730 9185 9760 13132 11777 11336 
50.562500 49.273438 53.550781 53.578125 51.178711 52.164063 52.463867 60.000000 60.000000 60.000000 60.000000 60.000000 60.000000 60.000000 15900 14744 9183 9790 13149 11770 11350 
50.557617 49.227539 53.516602 53.554688 51.094727 52.152344 52.414063 60.000000 60.000000 60.000000 60.000000 60.000000 60.000000 60.000000 15907 14804 9228 9823 13267 11786 11420 
50.533203 49.216797 53.465820 53.525391 51.056641 52.073242 52.395508 60.000000 60.000000 60.000000 60.000000 60.000000 60.000000 60.000000 15946 14818 9294 9864 13320 11897 11446 
50.500977 49.171875 53.430664 53.486328 51.053711 52.052734 52.350586 60.000000 60.000000 60.000000 60.000000 60.000000 60.000000 60.000000 15998 14876 9340 9919 13324 11926 11509 
50.455078 49.102539 53.429688 53.427734 51.006836 51.982422 52.328125 60.000000 60.000000 60.000000 60.000000 60.000000 60.000000 60.000000 16071 14966 9341 10001 13390 12024 11540 
50.426758 49.098633 53.398438 53.367188 50.989258 51.967773 52.259766 60.000000 60.000000 60.000000 60.000000 60.000000 60.000000 60.000000 16117 14971 9382 10085 13415 12045 11636 
50.387695 49.070313 53.389648 53.366211 50.933594 51.955078 52.217773 60.000000 60.000000 60.000000 60.000000 60.000000 60.000000 60.000000 16179 15008 9393 10087 13492 12062 11695 
50.392578 49.017578 53.337891 53.311523 50.921875 51.935547 52.255859 60.000000 60.000000 60.000000 60.000000 60.000000 60.000000 60.000000 16171 15077 9460 10163 13509 12090 11641 
50.319336 49.004883 53.308594 53.291016 50.893555 51.850586 52.223633 60.000000 60.000000 60.000000 60.000000 60.000000 60.000000 60.000000 16289 15093 9498 10192 13549 12209 11686 
50.277344 48.983398 53.248047 53.308594 50.904297 51.756836 52.215820 60.000000 60.000000 60.000000 60.000000 60.000000 60.000000 60.000000 16356 15121 9577 10167 13533 12340 11697 
50.179688 48.988281 53.208008 53.249023 50.850586 51.660156 52.189453 60.000000 60.000000 60.000000 60.000000 60.000000 60.000000 60.000000 16512 15115 9629 10251 13609 12475 11734 
50.132813 48.936523 53.189453 53.230469 50.827148 51.650391 52.143555 60.000000 60.000000 60.000000 60.000000 60.000000 60.000000 60.000000 16587 15182 9653 10277 13641 12489 11799 
50.104492 48.896484 53.125977 53.235352 50.786133 51.585938 52.114258 60.000000 60.000000 60.000000 60.000000 60.000000 60.000000 60.000000 16632 15234 9736 10270 13699 12579 11840 
50.129883 48.845703 53.144531 53.181641 50.774414 51.603516 52.107422 60.000000 60.000000 60.000000 60.000000 60.000000 60.000000 60.000000 16592 15300 9712 10345 13715 12555 11849 
50.074219 48.819336 53.129883 53.122070 50.684570 51.570313 52.056641 60.000000 60.000000 60.000000 60.000000 60.000000 60.000000 60.000000 16681 15334 9731 10429 13841 12601 11920 
49.992188 48.806641 53.068359 53.130859 50.651367 51.561523 52.063477 60.000000 60.000000 60.000000 60.000000 60.000000 60.000000 60.000000 16812 15351 9811 10416 13888 12613 11911 
49.980469 48.734375 53.080078 53.072266 50.642578 51.524414 52.099609 60.000000 60.000000 60.000000 60.000000 60.000000 60.000000 60.000000 16831 15445 9795 10498 13900 12665 11860 
49.956055 48.733398 53.050781 53.044922 50.583984 51.536133 52.005859 60.000000 60.000000 60.000000 60.000000 60.000000 60.000000 60.000000 16870 15446 9833 10537 13982 12649 11991 
49.952148 48.682617 53.050781 52.973633 50.549805 51.493164 52.003906 60.000000 60.000000 60.000000 60.000000 60.000000 60.000000 60.000000 16876 15512 9833 10636 14030 12709 11994 
49.877930 48.628906 53.003906 52.970703 50.541016 51.560547 51.956055 60.000000 60.000000 60.000000 60.000000 60.000000 60.000000 60.000000 16995 15582 9894 10641 14042 12615 12061 
49.908203 48.646484 52.952148 52.948242 50.492188 51.573242 51.944336 60.000000 60.000000 60.000000 60.000000 60.000000 60.000000 60.000000 16946 15559 9962 10672 14110 12597 12077 
49.908203 48.589844 52.919922 52.915039 50.504883 51.585938 51.906250 60.000000 60.000000 60.000000 60.000000 60.000000 60.000000 60.000000 16946 15633 10004 10718 14093 12579 12131 
49.877930 48.569336 52.926758 52.872070 50.467773 51.562500 51.908203 60.000000 60.000000 60.000000 60.000000 60.000000 60.000000 60.000000 16995 15659 9995 10779 14145 12612 12128 
49.873047 48.548828 52.866211 52.873047 50.408203 51.464844 51.866211 60.000000 60.000000 60.000000 60.000000 60.000000 60.000000 60.000000 17003 15686 10073 10777 14228 12749 12187 
49.809570 48.454102 52.825195 52.850586 50.388672 51.435547 51.870117 60.000000 60.000000 60.000000 60.000000 60.000000 60.000000 60.000000 17104 15809 10127 10809 14255 12790 12181 
49.805664 48.466797 52.813477 52.779297 50.344727 51.383789 51.842773 60.000000 60.000000 60.000000 60.000000 60.000000 60.000000 60.000000 17110 15793 10142 10908 14317 12862 12220 
49.764648 48.442383 52.783203 52.791992 50.333008 51.295898 51.854492 60.000000 60.000000 60.000000 60.000000 60.000000 60.000000 60.000000 17176 15824 10181 10891 14333 12985 12203 
49.769531 48.396484 52.748047 52.770508 50.242188 51.201172 51.837891 60.000000 60.000000 60.000000 60.000000 60.000000 60.000000 60.000000 17168 15884 10227 10921 14460 13118 12226 
49.706055 48.368164 52.703125 52.699219 50.240234 51.096680 51.807617 60.000000 60.000000 60.000000 60.000000 60.000000 60.000000 60.000000 17270 15921 10285 11021 14463 13264 12269 
49.721680 48.348633 52.685547 52.698242 50.221680 51.041016 51.769531 60.000000 60.000000 60.000000 60.000000 60.000000 60.000000 60.000000 17245 15946 10308 11022 14489 13342 12322 
49.674805 48.327148 52.584961 52.668945 50.226563 51.004883 51.739258 60.000000 60.000000 60.000000 60.000000 60.000000 60.000000 60.000000 17320 15974 10439 11063 14482 13393 12365 
49.642578 48.296875 52.529297 52.633789 50.202148 50.928711 51.722656 60.000000 60.000000 60.000000 60.000000 60.000000 60.000000 60.000000 17371 16014 10511 11112 14516 13499 12388 
49.606445 48.282227 52.524414 52.614258 50.197266 50.811523 51.684570 60.000000 60.000000 60.000000 60.000000 60.000000 60.000000 60.000000 17429 16033 10518 11140 14523 13663 12441 
49.513672 48.259766 52.415039 52.562500 50.167969 50.772461 51.660156 60.000000 60.000000 60.000000 60.000000 60.000000 60.000000 60.000000 17578 16062 10660 11212 14564 13718 12475 
49.419922 48.230469 52.388672 52.538086 50.131836 50.697266 51.652344 60.000000 60.000000 60.000000 60.000000 60.000000 60.000000 60.000000 17728 16100 10694 11246 14615 13823 12486 
49.357422 48.181641 52.372070 52.514648 50.119141 50.641602 51.545898 60.000000 60.000000 60.000000 60.000000 60.000000 60.000000 60.000000 17828 16163 10716 11279 14633 13901 12635 
49.336914 48.153320 52.333984 52.484375 50.096680 50.599609 51.573242 60.000000 60.000000 60.000000 60.000000 60.000000 60.000000 60.000000 17860 16200 10765 11321 14664 13960 12597 
49.325195 48.118164 52.376953 52.463867 50.073242 50.649414 51.522461 60.000000 60.000000 60.000000 60.000000 60.000000 60.000000 60.000000 17879 16246 10709 11350 14697 13890 12668 
49.310547 48.056641 52.333984 52.380859 50.048828 50.719727 51.503906 60.000000 60.000000 60.000000 60.000000 60.000000 60.000000 60.000000 17903 16326 10765 11466 14731 13792 12694 
49.336914 48.052734 52.347656 52.382813 50.043945 50.717773 51.507813 60.000000 60.000000 60.000000 60.000000 60.000000 60.000000 60.000000 17860 16331 10748 11464 14738 13795 12689 
49.353516 48.005859 52.341797 52.337891 50.026367 50.712891 51.451172 60.000000 60.000000 60.000000 60.000000 60.000000 60.000000 60.000000 17834 16392 10755 11526 14763 13801 12768 
49.328125 47.979492 52.317383 52.319336 49.929688 50.773438 51.402344 60.000000 60.000000 60.000000 60.000000 60.000000 60.000000 60.000000 17875 16426 10787 11552 14898 13717 12836 
49.313477 47.916992 52.279297 52.306641 49.909180 50.828125 51.410156 60.000000 60.000000 60.000000 60.000000 60.000000 60.000000 60.000000 17898 16507 10836 11570 14927 13640 12825 
49.271484 47.909180 52.282227 52.239258 49.853516 50.874023 51.380859 60.000000 60.000000 60.000000 60.000000 60.000000 60.000000 60.000000 17965 16518 10833 11665 15005 13576 12866 
49.247070 47.883789 52.189453 52.217773 49.823242 50.799805 51.297852 60.000000 60.000000 60.000000 60.000000 60.000000 60.000000 60.000000 18004 16551 10953 11695 15047 13680 12983 
49.269531 47.857422 52.148438 52.192383 49.754883 50.684570 51.323242 60.000000 60.000000 60.000000 60.000000 60.000000 60.000000 60.000000 17968 16585 11007 11730 15143 13841 12947 
49.231445 47.836914 52.121094 52.181641 49.759766 50.583984 51.319336 60.000000 60.000000 60.000000 60.000000 60.000000 60.000000 60.000000 18029 16612 11042 11745 15136 13982 12952 
49.189453 47.834961 52.085938 52.147461 49.758789 50.578125 51.282227 60.000000 60.000000 60.000000 60.000000 60.000000 60.000000 60.000000 18096 16614 11088 11793 15137 13990 13004 
49.166016 47.776367 52.047852 52.139648 49.751953 50.557617 51.253906 60.000000 60.000000 60.000000 60.000000 60.000000 60.000000 60.000000 18134 16690 11137 11804 15147 14019 13044 
49.142578 47.796875 52.041992 52.080078 49.747070 50.558594 51.214844 60.000000 60.000000 60.000000 60.000000 60.000000 60.000000 60.000000 18171 16664 11145 11887 15154 14017 13099 
49.133789 47.750977 52.029297 52.027344 49.688477 50.619141 51.174805 60.000000 60.000000 60.000000 60.000000 60.000000 60.000000 60.000000 18185 16723 11161 11961 15236 13933 13155 
49.131836 47.711914 52.001953 52.009766 49.697266 50.625000 51.129883 60.000000 60.000000 60.000000 60.000000 60.000000 60.000000 60.000000 18189 16774 11197 11986 15223 13925 13218 
49.125000 47.661133 51.957031 51.980469 49.648438 50.655273 51.086914 60.000000 60.000000 60.000000 60.000000 60.000000 60.000000 60.000000 18200 16840 11255 12027 15292 13882 13278 
49.112305 47.624023 51.946289 51.964844 49.649414 50.675781 51.044922 60.000000 60.000000 60.000000 60.000000 60.000000 60.000000 60.000000 18220 16888 11269 12049 15290 13853 13337 
49.098633 47.594727 51.931641 51.918945 49.636719 50.615234 51.041992 60.000000 60.000000 60.000000 60.000000 60.000000 60.000000 60.000000 18242 16926 11288 12113 15308 13938 13341 
49.073242 47.596680 51.896484 51.878906 49.621094 50.609375 51.035156 60.000000 60.000000 60.000000 60.000000 60.000000 60.000000 60.000000 18282 16924 11334 12169 15330 13946 13350 
49.026367 47.568359 51.862305 51.851563 49.597656 50.571289 50.964844 60.000000 60.000000 60.000000 60.000000 60.000000 60.000000 60.000000 18357 16961 11379 12207 15363 14000 13449 
48.974609 47.536133 51.810547 51.824219 49.543945 50.490234 50.964844 60.000000 60.000000 60.000000 60.000000 60.000000 60.000000 60.000000 18440 17003 11446 12246 15438 14113 13449 
48.954102 47.529297 51.833984 51.812500 49.530273 50.400391 50.941406 60.000000 60.000000 60.000000 60.000000 60.000000 60.000000 60.000000 18473 17011 11415 12262 15457 14239 13482 
48.930664 47.483398 51.774414 51.788086 49.476563 50.404297 50.887695 60.000000 60.000000 60.000000 60.000000 60.000000 60.000000 60.000000 18510 17071 11493 12296 15532 14233 13557 
48.907227 47.483398 51.755859 51.722656 49.481445 50.359375 50.887695 60.000000 60.000000 60.000000 60.000000 60.000000 60.000000 60.000000 18548 17071 11517 12388 15525 14296 13557 
48.929688 47.394531 51.768555 51.639648 49.408203 50.401367 50.884766 60.000000 60.000000 60.000000 60.000000 60.000000 60.000000 60.000000 18512 17187 11500 12504 15628 14238 13561 
48.879883 47.327148 51.759766 51.576172 49.400391 50.433594 50.841797 60.000000 60.000000 60.000000 60.000000 60.000000 60.000000 60.000000 18592 17274 11512 12593 15639 14192 13621 
48.843750 47.285156 51.708984 51.549805 49.383789 50.468750 50.761719 60.000000 60.000000 60.000000 60.000000 60.000000 60.000000 60.000000 18650 17329 11578 12630 15662 14143 13733 
48.807617 47.246094 51.692383 51.515625 49.350586 50.490234 50.755859 60.000000 60.000000 60.000000 60.000000 60.000000 60.000000 60.000000 18707 17380 11599 12678 15709 14113 13741 
48.758789 47.234375 51.654297 51.480469 49.341797 50.528320 50.719727 60.000000 60.000000 60.000000 60.000000 60.000000 60.000000 60.000000 18785 17395 11649 12727 15721 14060 13792 
48.747070 47.223633 51.601563 51.462891 49.292969 50.507813 50.670898 60.000000 60.000000 60.000000 60.000000 60.000000 60.000000 60.000000 18804 17409 11717 12751 15789 14089 13860 
48.715820 47.200195 51.607422 51.465820 49.327148 50.493164 50.621094 60.000000 60.000000 60.000000 60.000000 60.000000 60.000000 60.000000 18854 17439 11710 12747 15741 14109 13930 
48.724609 47.153320 51.607422 51.402344 49.289063 50.481445 50.583984 60.000000 60.000000 60.000000 60.000000 60.000000 60.000000 60.000000 18840 17500 11710 12836 15795 14125 13982 
48.684570 47.145508 51.570313 51.425781 49.268555 50.422852 50.573242 60.000000 60.000000 60.000000 60.000000 60.000000 60.000000 60.000000 18904 17510 11758 12803 15824 14208 13997 
48.690430 47.111328 51.531250 51.399414 49.220703 50.422852 50.537109 60.000000 60.000000 60.000000 60.000000 60.000000 60.000000 60.000000 18895 17555 11809 12840 15891 14208 14048 
48.663086 47.084961 51.522461 51.355469 49.200195 50.429688 50.526367 60.000000 60.000000 60.000000 60.000000 60.000000 60.000000 60.000000 18939 17589 11820 12902 15919 14198 14063 
48.661133 47.131836 51.458984 51.372070 49.197266 50.407227 50.471680 60.000000 60.000000 60.000000 60.000000 60.000000 60.000000 60.000000 18942 17528 11903 12879 15923 14229 14139 
48.611328 47.063477 51.442383 51.352539 49.174805 50.358398 50.417969 60.000000 60.000000 60.000000 60.000000 60.000000 60.000000 60.000000 19021 17617 11924 12906 15955 14298 14214 
48.585938 47.037109 51.406250 51.301758 49.137695 50.367188 50.416016 60.000000 60.000000 60.000000 60.000000 60.000000 60.000000 60.000000 19062 17651 11971 12977 16007 14285 14217 
48.563477 47.005859 51.362305 51.294922 49.140625 50.308594 50.345703 60.000000 60.000000 60.000000 60.000000 60.000000 60.000000 60.000000 19098 17692 12029 12987 16003 14367 14316 
48.522461 46.988281 51.315430 51.270508 49.076172 50.236328 50.340820 60.000000 60.000000 60.000000 60.000000 60.000000 60.000000 60.000000 19164 17715 12089 13021 16093 14469 14322 
48.440430 46.976563 51.259766 51.261719 49.085938 50.142578 50.308594 60.000000 60.000000 60.000000 60.000000 60.000000 60.000000 60.000000 19295 17730 12162 13033 16079 14600 14367 
48.416016 46.976563 51.212891 51.259766 49.093750 50.072266 50.261719 60.000000 60.000000 60.000000 60.000000 60.000000 60.000000 60.000000 19334 17730 12223 13036 16068 14698 14433 
48.317383 46.945313 51.217773 51.221680 48.987305 49.997070 50.255859 60.000000 60.000000 60.000000 60.000000 60.000000 60.000000 60.000000 19492 17771 12216 13089 16217 14804 14441 
48.282227 46.916016 51.197266 51.192383 48.952148 49.844727 50.221680 60.000000 60.000000 60.000000 60.000000 60.000000 60.000000 60.000000 19548 17809 12243 13130 16266 15017 14489 
48.254883 46.865234 51.221680 51.150391 48.912109 49.843750 50.201172 60.000000 60.000000 60.000000 60.000000 60.000000 60.000000 60.000000 19592 17875 12211 13189 16323 15018 14518 
48.243164 46.800781 51.166016 51.086914 48.899414 49.789063 50.220703 60.000000 60.000000 60.000000 60.000000 60.000000 60.000000 60.000000 19610 17958 12284 13278 16340 15095 14491 
48.247070 46.783203 51.159180 51.064453 48.824219 49.740234 50.169922 60.000000 60.000000 60.000000 60.000000 60.000000 60.000000 60.000000 19604 17981 12293 13309 16446 15163 14562 
48.181641 46.743164 51.067383 51.058594 48.824219 49.648438 50.144531 60.000000 60.000000 60.000000 60.000000 60.000000 60.000000 60.000000 19709 18033 12412 13317 16446 15292 14597 
48.161133 46.741211 51.089844 51.048828 48.819336 49.575195 50.111328 60.000000 60.000000 60.000000 60.000000 60.000000 60.000000 60.000000 19742 18036 12383 13331 16452 15394 14644 
48.169922 46.698242 51.053711 51.005859 48.789063 49.561523 50.117188 60.000000 60.000000 60.000000 60.000000 60.000000 60.000000 60.000000 19728 18092 12430 13391 16495 15413 14635 
48.148438 46.654297 51.024414 50.929688 48.765625 49.600586 50.098633 60.000000 60.000000 60.000000 60.000000 60.000000 60.000000 60.000000 19762 18149 12468 13498 16528 15359 14661 
48.119141 46.670898 50.997070 50.951172 48.751953 49.535156 50.055664 60.000000 60.000000 60.000000 60.000000 60.000000 60.000000 60.000000 19809 18127 12503 13468 16547 15450 14722 
48.090820 46.618164 50.992188 50.929688 48.713867 49.551758 50.032227 60.000000 60.000000 60.000000 60.000000 60.000000 60.000000 60.000000 19854 18196 12510 13498 16600 15427 14754 
48.092773 46.593750 50.959961 50.901367 48.663086 49.561523 49.999023 60.000000 60.000000 60.000000 60.000000 60.000000 60.000000 60.000000 19851 18228 12552 13538 16671 15413 14801 
48.083008 46.551758 50.956055 50.839844 48.690430 49.632813 49.979492 60.000000 60.000000 60.000000 60.000000 60.000000 60.000000 60.000000 19867 18282 12557 13624 16633 15314 14828 
48.051758 46.526367 50.962891 50.793945 48.621094 49.648438 49.956055 60.000000 60.000000 60.000000 60.000000 60.000000 60.000000 60.000000 19917 18315 12548 13688 16730 15292 14861 
47.995117 46.515625 50.926758 50.791016 48.582031 49.720703 49.932617 60.000000 60.000000 60.000000 60.000000 60.000000 60.000000 60.000000 19999 18329 12595 13692 16785 15191 14894 
48.030273 46.484375 50.913086 50.734375 48.567383 49.708008 49.913086 60.000000 60.000000 60.000000 60.000000 60.000000 60.000000 60.000000 19951 18370 12612 13771 16805 15208 14921 
47.985352 46.454102 50.882813 50.722656 48.522461 49.721680 49.853516 60.000000 60.000000 60.000000 60.000000 60.000000 60.000000 60.000000 19999 18409 12652 13788 16868 15189 15005 
47.983398 46.424805 50.821289 50.712891 48.582031 49.612305 49.824219 60.000000 60.000000 60.000000 60.000000 60.000000 60.000000 60.000000 19999 18447 12732 13801 16785 15342 15046 
47.962891 46.415039 50.790039 50.722656 48.505859 49.509766 49.815430 60.000000 60.000000 60.000000 60.000000 60.000000 60.000000 60.000000 19999 18460 12772 13788 16891 15486 15058 
47.889648 46.355469 50.774414 50.651367 48.474609 49.420898 49.810547 60.000000 60.000000 60.000000 60.000000 60.000000 60.000000 60.000000 19999 18537 12793 13888 16935 15610 15065 
47.798828 46.363281 50.739258 50.631836 48.378906 49.475586 49.738281 60.000000 60.000000 60.000000 60.000000 60.000000 60.000000 60.000000 19999 18527 12838 13915 17069 15534 15166 
47.728516 46.293945 50.717773 50.607422 48.280273 49.492188 49.765625 60.000000 60.000000 60.000000 60.000000 60.000000 60.000000 60.000000 19999 18617 12866 13949 17207 15510 15128 
47.687500 46.230469 50.698242 50.551758 48.250000 49.547852 49.739258 60.000000 60.000000 60.000000 60.000000 60.000000 60.000000 60.000000 19999 18700 12892 14027 17250 15433 15165 
47.652344 46.192383 50.674805 50.548828 48.244141 49.553711 49.699219 60.000000 60.000000 60.000000 60.000000 60.000000 60.000000 60.000000 19999 18749 12922 14031 17258 15424 15221 
47.592773 46.138672 50.660156 50.488281 48.253906 49.603516 49.674805 60.000000 60.000000 60.000000 60.000000 60.000000 60.000000 60.000000 19999 18819 12941 14116 17244 15355 15255 
47.610352 46.119141 50.625000 50.497070 48.235352 49.632813 49.640625 60.000000 60.000000 60.000000 60.000000 60.000000 60.000000 60.000000 19999 18845 12987 14104 17270 15314 15303 
47.602539 46.092773 50.602539 50.458984 48.230469 49.617188 49.653320 60.000000 60.000000 60.000000 60.000000 60.000000 60.000000 60.000000 19999 18879 13016 14157 17277 15335 15285 
47.583984 46.081055 50.557617 50.433594 48.208984 49.466797 49.606445 60.000000 60.000000 60.000000 60.000000 60.000000 60.000000 60.000000 19999 18894 13075 14192 17307 15546 15350 
47.533203 46.058594 50.484375 50.428711 48.229492 49.309570 49.585938 60.000000 60.000000 60.000000 60.000000 60.000000 60.000000 60.000000 19999 18923 13170 14199 17278 15766 15379 
47.462891 46.063477 50.432617 50.388672 48.177734 49.258789 49.569336 60.000000 60.000000 60.000000 60.000000 60.000000 60.000000 60.000000 19999 18917 13237 14255 17351 15837 15402 
47.395508 46.034180 50.379883 50.354492 48.177734 49.167969 49.501953 60.000000 60.000000 60.000000 60.000000 60.000000 60.000000 60.000000 19999 18955 13306 14303 17351 15964 15497 
47.290039 46.024414 50.374023 50.362305 48.116211 49.061523 49.461914 60.000000 60.000000 60.000000 60.000000 60.000000 60.000000 60.000000 19999 18968 13313 14292 17437 16113 15553 
47.208984 46.000977 50.345703 50.314453 48.115234 48.946289 49.445313 60.000000 60.000000 60.000000 60.000000 60.000000 60.000000 60.000000 19999 18998 13350 14359 17438 16275 15576 
47.114258 45.977539 50.302734 50.292969 48.115234 48.768555 49.447266 60.000000 60.000000 60.000000 60.000000 60.000000 60.000000 60.000000 19999 19029 13406 14389 17438 16524 15573 
47.114258 45.945313 50.265625 50.255859 48.063477 48.693359 49.392578 60.000000 60.000000 60.000000 60.000000 60.000000 60.000000 60.000000 19999 19071 13454 14441 17511 16629 15650 
47.040039 45.932617 50.208008 50.259766 48.055664 48.548828 49.365234 60.000000 60.000000 60.000000 60.000000 60.000000 60.000000 60.000000 19999 19087 13529 14436 17522 16831 15688 
46.963867 45.873047 50.149414 50.198242 48.017578 48.503906 49.356445 60.000000 60.000000 60.000000 60.000000 60.000000 60.000000 60.000000 19999 19165 13605 14522 17575 16894 15700 
46.945313 45.831055 50.140625 50.189453 48.009766 48.450195 49.350586 60.000000 60.000000 60.000000 60.000000 60.000000 60.000000 60.000000 19999 19219 13617 14534 17586 16969 15709 
46.913086 45.808594 50.078125 50.175781 47.988281 48.427734 49.301758 60.000000 60.000000 60.000000 60.000000 60.000000 60.000000 60.000000 19999 19248 13698 14553 17616 17001 15777 
46.834961 45.814453 50.073242 50.147461 47.933594 48.368164 49.281250 60.000000 60.000000 60.000000 60.000000 60.000000 60.000000 60.000000 19999 19241 13704 14593 17692 17084 15806 
46.822266 45.783203 50.068359 50.141602 47.938477 48.340820 49.258789 60.000000 60.000000 60.000000 60.000000 60.000000 60.000000 60.000000 19999 19281 13711 14601 17686 17122 15837 
46.818359 45.759766 50.009766 50.115234 47.936523 48.373047 49.252930 60.000000 60.000000 60.000000 60.000000 60.000000 60.000000 60.000000 19999 19312 13787 14638 17688 17077 15845 
46.838867 45.744141 50.023438 50.064453 47.887695 48.399414 49.208984 60.000000 60.000000 60.000000 60.000000 60.000000 60.000000 60.000000 19999 19332 13769 14709 17757 17040 15907 
46.810547 45.750977 49.993164 50.091797 47.847656 48.399414 49.206055 60.000000 60.000000 60.000000 60.000000 60.000000 60.000000 60.000000 19999 19323 13808 14671 17813 17040 15911 
46.861328 45.702148 49.988281 50.037109 47.806641 48.421875 49.173828 60.000000 60.000000 60.000000 60.000000 60.000000 60.000000 60.000000 19999 19387 13815 14748 17870 17009 15956 
46.861328 45.690430 50.004883 50.011719 47.768555 48.374023 49.133789 60.000000 60.000000 60.000000 60.000000 60.000000 60.000000 60.000000 19999 19402 13793 14783 17924 17076 16012 
46.851563 45.625977 49.942383 49.999023 47.771484 48.326172 49.131836 60.000000 60.000000 60.000000 60.000000 60.000000 60.000000 60.000000 19999 19486 13874 14801 17919 17143 16015 
46.839844 45.624023 49.896484 49.924805 47.785156 48.378906 49.086914 60.000000 60.000000 60.000000 60.000000 60.000000 60.000000 60.000000 19999 19488 13934 14905 17900 17069 16078 
46.800781 45.562500 49.890625 49.890625 47.717773 48.344727 49.034180 60.000000 60.000000 60.000000 60.000000 60.000000 60.000000 60.000000 19999 19568 13942 14953 17995 17117 16152 
46.784180 45.562500 49.907227 49.866211 47.661133 48.300781 49.026367 60.000000 60.000000 60.000000 60.000000 60.000000 60.000000 60.000000 19999 19568 13920 14987 18074 17178 16163 
46.726563 45.557617 49.790039 49.845703 47.594727 48.213867 48.987305 60.000000 60.000000 60.000000 60.000000 60.000000 60.000000 60.000000 19999 19575 14072 15016 18167 17300 16217 
46.611328 45.503906 49.699219 49.823242 47.571289 48.092773 48.942383 60.000000 60.000000 60.000000 60.000000 60.000000 60.000000 60.000000 19999 19644 14191 15047 18200 17470 16280 
46.602539 45.502930 49.713867 49.811523 47.539063 48.018555 48.896484 60.000000 60.000000 60.000000 60.000000 60.000000 60.000000 60.000000 19999 19646 14171 15063 18245 17574 16344 
46.539063 45.469727 49.646484 49.809570 47.480469 48.042969 48.853516 60.000000 60.000000 60.000000 60.000000 60.000000 60.000000 60.000000 19999 19689 14259 15066 18327 17539 16405 
46.509766 45.444336 49.654297 49.733398 47.465820 48.070313 48.815430 60.000000 60.000000 60.000000 60.000000 60.000000 60.000000 60.000000 19999 19722 14249 15173 18347 17501 16458 
46.520508 45.436523 49.615234 49.704102 47.391602 48.080078 48.763672 60.000000 60.000000 60.000000 60.000000 60.000000 60.000000 60.000000 19999 19732 14300 15214 18451 17487 16530 
46.488281 45.403320 49.603516 49.670898 47.380859 48.114258 48.780273 60.000000 60.000000 60.000000 60.000000 60.000000 60.000000 60.000000 19999 19775 14315 15260 18466 17440 16507 
46.531250 45.350586 49.570313 49.661133 47.386719 48.116211 48.760742 60.000000 60.000000 60.000000 60.000000 60.000000 60.000000 60.000000 19999 19844 14358 15274 18458 17437 16534 
46.495117 45.338867 49.535156 49.646484 47.359375 48.111328 48.705078 60.000000 60.000000 60.000000 60.000000 60.000000 60.000000 60.000000 19999 19859 14404 15294 18496 17444 16612 
46.483398 45.322266 49.578125 49.607422 47.382813 48.047852 48.690430 60.000000 60.000000 60.000000 60.000000 60.000000 60.000000 60.000000 19999 19881 14348 15349 18464 17533 16633 
46.499023 45.295898 49.508789 49.581055 47.336914 48.026367 48.666016 60.000000 60.000000 60.000000 60.000000 60.000000 60.000000 60.000000 19999 19915 14438 15386 18528 17563 16667 
46.517578 45.275391 49.515625 49.566406 47.326172 48.072266 48.648438 60.000000 60.000000 60.000000 60.000000 60.000000 60.000000 60.000000 19999 19941 14429 15407 18543 17498 16692 
46.508789 45.256836 49.496094 49.524414 47.318359 48.098633 48.654297 60.000000 60.000000 60.000000 60.000000 60.000000 60.000000 60.000000 19999 19966 14455 15465 18554 17461 16683 
46.500977 45.198242 49.458008 49.513672 47.318359 48.126953 48.599609 60.000000 60.000000 60.000000 60.000000 60.000000 60.000000 60.000000 19999 19999 14504 15480 18554 17422 16760 
46.496094 45.166016 49.438477 49.510742 47.288086 48.159180 48.576172 60.000000 60.000000 60.000000 60.000000 60.000000 60.000000 60.000000 19999 19999 14529 15484 18596 17377 16793 
46.517578 45.133789 49.408203 49.477539 47.261719 48.133789 48.572266 60.000000 60.000000 60.000000 60.000000 60.000000 60.000000 60.000000 19999 19999 14569 15531 18633 17412 16798 
46.503906 45.121094 49.399414 49.434570 47.295898 48.021484 48.516602 60.000000 60.000000 60.000000 60.000000 60.000000 60.000000 60.000000 19999 19999 14580 15591 18585 17569 16876 
46.390625 45.134766 49.375977 49.449219 47.233398 47.819336 48.485352 60.000000 60.000000 60.000000 60.000000 60.000000 60.000000 60.000000 19999 19999 14611 15571 18673 17852 16920 
46.293945 45.081055 49.319336 49.420898 47.261719 47.695313 48.459961 60.000000 60.000000 60.000000 60.000000 60.000000 60.000000 60.000000 19999 19999 14684 15610 18633 18026 16956 
46.217773 45.073242 49.286133 49.383789 47.226563 47.643555 48.438477 60.000000 60.000000 60.000000 60.000000 60.000000 60.000000 60.000000 19999 19999 14728 15662 18682 18099 16986 
46.152344 45.037109 49.305664 49.352539 47.153320 47.628906 48.433594 60.000000 60.000000 60.000000 60.000000 60.000000 60.000000 60.000000 19999 19999 14702 15706 18785 18119 16992 
46.118164 45.011719 49.263672 49.310547 47.126953 47.555664 48.377930 60.000000 60.000000 60.000000 60.000000 60.000000 60.000000 60.000000 19999 19999 14757 15765 18822 18222 17070 
46.083984 44.999023 49.188477 49.297852 47.125000 47.491211 48.348633 60.000000 60.000000 60.000000 60.000000 60.000000 60.000000 60.000000 19999 19999 14854 15783 18825 18312 17111 
46.050781 45.000000 49.192383 49.278320 47.132813 47.455078 48.332031 60.000000 60.000000 60.000000 60.000000 60.000000 60.000000 60.000000 19999 19999 14849 15810 18814 18362 17135 
46.054688 44.957031 49.179688 49.264648 47.077148 47.463867 48.282227 60.000000 60.000000 60.000000 60.000000 60.000000 60.000000 60.000000 19999 19999 14866 15829 18891 18350 17204 
46.020508 44.921875 49.173828 49.220703 47.054688 47.461914 48.264648 60.000000 60.000000 60.000000 60.000000 60.000000 60.000000 60.000000 19999 19999 14874 15891 18923 18353 17229 
46.025391 44.947266 49.151367 49.220703 47.055664 47.263672 48.221680 60.000000 60.000000 60.000000 60.000000 60.000000 60.000000 60.000000 19999 19999 14903 15891 18922 18630 17289 
45.946289 44.906250 49.099609 49.178711 47.025391 47.169922 48.186523 60.000000 60.000000 60.000000 60.000000 60.000000 60.000000 60.000000 19999 19999 14970 15949 18964 18762 17338 
45.935547 44.836914 49.090820 49.146484 46.989258 47.141602 48.140625 60.000000 60.000000 60.000000 60.000000 60.000000 60.000000 60.000000 19999 19999 14981 15994 19015 18801 17403 
45.860352 44.824219 48.983398 49.116211 46.950195 47.182617 48.123047 60.000000 60.000000 60.000000 60.000000 60.000000 60.000000 60.000000 19999 19999 15121 16037 19069 18744 17427 
45.788086 44.778320 48.972656 48.920898 46.958984 47.157227 48.130859 60.000000 60.000000 60.000000 60.000000 60.000000 60.000000 60.000000 19999 19999 15135 16310 19057 18779 17416 
45.776367 44.685547 48.911133 48.848633 46.924805 47.110352 48.099609 60.000000 60.000000 60.000000 60.000000 60.000000 60.000000 60.000000 19999 19999 15215 16411 19105 18845 17460 
