29.071289 40.000000 2092 2092
29.295898 40.000000 2070 2070
29.495117 40.000000 2050 2050
29.781250 40.000000 2021 2021
30.050781 40.000000 1994 1994
30.274414 40.000000 1972 1972
30.490234 40.000000 1950 1950
30.741211 40.000000 1925 1925
30.951172 40.000000 1904 1904
31.165039 40.000000 1883 1883
31.362305 40.000000 1863 1863
31.565430 40.000000 1843 1843
31.754883 40.000000 1824 1824
31.904297 40.000000 1809 1809
32.089844 40.000000 1791 1791
32.175781 40.000000 1782 1782
32.329102 40.000000 1767 1767
32.478516 40.000000 1752 1752
32.613281 40.000000 1738 1738
32.742188 40.000000 1725 1725
32.854492 40.000000 1714 1714
32.972656 40.000000 1702 1702
33.122070 40.000000 1687 1687
33.253906 40.000000 1674 1674
33.404297 40.000000 1659 1659
33.499023 40.000000 1650 1650
33.642578 40.000000 1635 1635
33.806641 40.000000 1619 1619
33.931641 40.000000 1606 1606
34.050781 40.000000 1594 1594
34.240234 40.000000 1575 1575
34.341797 40.000000 1565 1565
34.438477 40.000000 1556 1556
34.559570 40.000000 1544 1544
34.640625 40.000000 1535 1535
34.708008 40.000000 1529 1529
34.802734 40.000000 1519 1519
34.924805 40.000000 1507 1507
34.985352 40.000000 1501 1501
35.074219 40.000000 1492 1492
35.186523 40.000000 1481 1481
35.246094 40.000000 1475 1475
35.332031 40.000000 1466 1466
35.426758 40.000000 1457 1457
35.540039 40.000000 1445 1445
35.627930 40.000000 1437 1437
35.685547 40.000000 1431 1431
35.783203 40.000000 1421 1421
35.821289 40.000000 1417 1417
35.908203 40.000000 1409 1409
35.930664 40.000000 1406 1406
35.987305 40.000000 1401 1401
36.015625 40.000000 1398 1398
36.038086 40.000000 1396 1396
36.111328 40.000000 1388 1388
36.122070 40.000000 1387 1387
36.154297 40.000000 1384 1384
36.179688 40.000000 1382 1382
36.195313 40.000000 1380 1380
36.243164 40.000000 1375 1375
36.287109 40.000000 1371 1371
36.356445 40.000000 1364 1364
36.365234 40.000000 1363 1363
36.410156 40.000000 1358 1358
36.412109 40.000000 1358 1358
36.435547 40.000000 1356 1356
36.470703 40.000000 1352 1352
36.523438 40.000000 1347 1347
36.579102 40.000000 1342 1342
36.644531 40.000000 1335 1335
36.764648 40.000000 1323 1323
36.806641 40.000000 1319 1319
36.898438 40.000000 1310 1310
36.953125 40.000000 1304 1304
36.995117 40.000000 1300 1300
37.025391 40.000000 1297 1297
37.069336 40.000000 1293 1293
37.074219 40.000000 1292 1292
37.120117 40.000000 1287 1287
37.171875 40.000000 1282 1282
37.154297 40.000000 1284 1284
37.188477 40.000000 1281 1281
37.210938 40.000000 1278 1278
37.280273 40.000000 1271 1271
37.324219 40.000000 1267 1267
37.401367 40.000000 1259 1259
37.434570 40.000000 1256 1256
37.523438 40.000000 1247 1247
37.507813 40.000000 1249 1249
37.550781 40.000000 1244 1244
37.589844 40.000000 1241 1241
37.605469 40.000000 1239 1239
37.615234 40.000000 1238 1238
37.651367 40.000000 1234 1234
37.666016 40.000000 1233 1233
37.700195 40.000000 1229 1229
37.688477 40.000000 1231 1231
37.719727 40.000000 1228 1228
37.764648 40.000000 1223 1223
37.760742 40.000000 1223 1223
37.835938 40.000000 1216 1216
37.857422 40.000000 1214 1214
37.884766 40.000000 1211 1211
37.884766 40.000000 1211 1211
37.928711 40.000000 1207 1207
37.946289 40.000000 1205 1205
37.981445 40.000000 1201 1201
37.999023 40.000000 1200 1200
37.982422 40.000000 1201 1201
38.019531 40.000000 1198 1198
38.076172 40.000000 1192 1192
38.093750 40.000000 1190 1190
38.111328 40.000000 1188 1188
38.145508 40.000000 1185 1185
38.138672 40.000000 1186 1186
38.177734 40.000000 1182 1182
38.213867 40.000000 1178 1178
38.220703 40.000000 1177 1177

38.239258 40.000000 1176 1176
38.251953 40.000000 1174 1174
38.234375 40.000000 1176 1176
38.255859 40.000000 1174 1174
38.329102 40.000000 1167 1167
38.369141 40.000000 1163 1163
38.375977 40.000000 1162 1162
38.414063 40.000000 1158 1158
38.418945 40.000000 1158 1158
38.444336 40.000000 1155 1155
38.480469 40.000000 1151 1151
38.493164 40.000000 1150 1150
38.531250 40.000000 1146 1146
38.539063 40.000000 1146 1146
38.568359 40.000000 1143 1143
38.574219 40.000000 1142 1142
38.613281 40.000000 1138 1138
38.635742 40.000000 1136 1136
38.663086 40.000000 1133 1133
38.675781 40.000000 1132 1132
38.671875 40.000000 1132 1132
38.657227 40.000000 1134 1134
38.639648 40.000000 1136 1136
38.659180 40.000000 1134 1134
38.643555 40.000000 1135 1135
38.629883 40.000000 1137 1137
38.622070 40.000000 1137 1137
38.643555 40.000000 1135 1135
38.651367 40.000000 1134 1134
38.685547 40.000000 1131 1131
38.747070 40.000000 1125 1125
38.750000 40.000000 1125 1125
38.780273 40.000000 1121 1121
38.820313 40.000000 1117 1117
38.844727 40.000000 1115 1115
38.853516 40.000000 1114 1114
38.910156 40.000000 1108 1108
38.891602 40.000000 1110 1110
38.913086 40.000000 1108 1108
38.954102 40.000000 1104 1104
38.970703 40.000000 1102 1102
38.940430 40.000000 1105 1105
38.961914 40.000000 1103 1103
38.908203 40.000000 1109 1109
38.871094 40.000000 1112 1112
38.839844 40.000000 1116 1116
38.837891 40.000000 1116 1116
38.793945 40.000000 1120 1120
38.786133 40.000000 1121 1121
38.775391 40.000000 1122 1122
38.807617 40.000000 1119 1119
38.841797 40.000000 1115 1115
38.867188 40.000000 1113 1113
38.917969 40.000000 1108 1108
38.940430 40.000000 1105 1105
38.957031 40.000000 1104 1104
38.991211 40.000000 1100 1100
39.012695 40.000000 1098 1098
39.024414 40.000000 1097 1097
39.039063 40.000000 1096 1096
38.992188 40.000000 1100 1100
38.983398 40.000000 1101 1101
38.952148 40.000000 1104 1104
38.963867 40.000000 1103 1103
38.982422 40.000000 1101 1101
38.949219 40.000000 1105 1105
38.921875 40.000000 1107 1107
38.966797 40.000000 1103 1103
38.954102 40.000000 1104 1104
38.948242 40.000000 1105 1105
38.966797 40.000000 1103 1103
39.028320 40.000000 1097 1097
39.065430 40.000000 1093 1093
39.107422 40.000000 1089 1089
39.156250 40.000000 1084 1084
39.162109 40.000000 1083 1083
39.156250 40.000000 1084 1084
39.170898 40.000000 1082 1082
39.206055 40.000000 1079 1079
39.224609 40.000000 1077 1077
39.250000 40.000000 1075 1075
39.227539 40.000000 1077 1077
39.257813 40.000000 1074 1074
39.232422 40.000000 1076 1076
39.242188 40.000000 1075 1075
39.244141 40.000000 1075 1075
39.236328 40.000000 1076 1076
39.263672 40.000000 1073 1073
39.296875 40.000000 1070 1070
39.300781 40.000000 1069 1069
39.358398 40.000000 1064 1064
39.407227 40.000000 1059 1059
39.424805 40.000000 1057 1057
39.457031 40.000000 1054 1054
39.459961 40.000000 1054 1054
39.508789 40.000000 1049 1049
39.541016 40.000000 1045 1045
39.521484 40.000000 1047 1047
39.524414 40.000000 1047 1047
39.482422 40.000000 1051 1051
39.460938 40.000000 1053 1053
39.456055 40.000000 1054 1054
39.407227 40.000000 1059 1059
39.409180 40.000000 1059 1059
39.413086 40.000000 1058 1058
39.403320 40.000000 1059 1059
39.369141 40.000000 1063 1063
39.377930 40.000000 1062 1062
39.325195 40.000000 1067 1067
39.308594 40.000000 1069 1069
39.291016 40.000000 1070 1070
39.274414 40.000000 1072 1072
39.246094 40.000000 1075 1075
39.223633 40.000000 1077 1077
39.213867 40.000000 1078 1078
39.224609 40.000000 1077 1077
39.202148 40.000000 1079 1079
39.215820 40.000000 1078 1078
39.230469 40.000000 1076 1076
39.242188 40.000000 1075 1075
39.314453 40.000000 1068 1068
39.331055 40.000000 1066 1066
39.343750 40.000000 1065 1065
39.407227 40.000000 1059 1059
39.429688 40.000000 1057 1057
39.435547 40.000000 1056 1056
39.490234 40.000000 1050 1050
39.495117 40.000000 1050 1050
39.491211 40.000000 1050 1050
39.485352 40.000000 1051 1051
39.473633 40.000000 1052 1052
39.407227 40.000000 1059 1059
39.448242 40.000000 1055 1055
39.442383 40.000000 1055 1055
39.405273 40.000000 1059 1059
39.371094 40.000000 1062 1062
39.369141 40.000000 1063 1063
39.424805 40.000000 1057 1057
39.475586 40.000000 1052 1052
39.495117 40.000000 1050 1050
39.571289 40.000000 1042 1042
39.579102 40.000000 1042 1042
39.656250 40.000000 1034 1034
39.659180 40.000000 1034 1034
39.666016 40.000000 1033 1033
39.734375 40.000000 1026 1026
39.740234 40.000000 1025 1025
39.818359 40.000000 1018 1018
39.836914 40.000000 1016 1016
39.884766 40.000000 1011 1011
39.868164 40.000000 1013 1013
39.920898 40.000000 1007 1007
39.965820 40.000000 1003 1003
39.983398 40.000000 1001 1001
40.001953 40.000000 999 999
40.051758 40.000000 994 994
40.047852 40.000000 995 995
40.019531 40.000000 998 998
40.039063 40.000000 996 996
40.015625 40.000000 998 998
40.009766 40.000000 999 999
39.974609 40.000000 1002 1002
39.942383 40.000000 1005 1005
39.983398 40.000000 1001 1001
39.928711 40.000000 1007 1007
39.906250 40.000000 1009 1009
39.846680 40.000000 1015 1015
39.916992 40.000000 1008 1008
39.934570 40.000000 1006 1006
39.942383 40.000000 1005 1005
39.997070 40.000000 1000 1000
40.048828 40.000000 995 995
40.058594 40.000000 994 994
40.071289 40.000000 992 992
40.110352 40.000000 988 988
40.101563 40.000000 989 989
40.047852 40.000000 995 995
40.044922 40.000000 995 995
40.009766 40.000000 999 999
40.033203 40.000000 996 996
40.031250 40.000000 996 996
40.006836 40.000000 999 999
39.989258 40.000000 1001 1001
40.022461 40.000000 997 997
40.032227 40.000000 996 996
40.078125 40.000000 992 992
40.139648 40.000000 986 986
40.118164 40.000000 988 988
40.166016 40.000000 983 983
40.186523 40.000000 981 981
40.185547 40.000000 981 981
40.185547 40.000000 981 981
40.165039 40.000000 983 983
40.168945 40.000000 983 983
40.117188 40.000000 988 988
40.104492 40.000000 989 989
40.109375 40.000000 989 989
40.116211 40.000000 988 988
40.131836 40.000000 986 986
40.160156 40.000000 983 983
40.167969 40.000000 983 983
40.216797 40.000000 978 978
40.219727 40.000000 978 978
40.294922 40.000000 970 970
40.305664 40.000000 969 969
40.373047 40.000000 962 962
40.333984 40.000000 966 966
40.359375 40.000000 964 964
40.349609 40.000000 965 965
40.354492 40.000000 964 964
40.333008 40.000000 966 966
40.285156 40.000000 971 971
40.305664 40.000000 969 969
40.310547 40.000000 968 968
40.271484 40.000000 972 972
40.258789 40.000000 974 974
40.241211 40.000000 975 975
40.217773 40.000000 978 978
40.183594 40.000000 981 981
40.213867 40.000000 978 978
40.185547 40.000000 981 981
40.196289 40.000000 980 980
40.164063 40.000000 983 983
40.200195 40.000000 979 979
40.242188 40.000000 975 975
40.255859 40.000000 974 974
40.256836 40.000000 974 974
40.325195 40.000000 967 967
40.321289 40.000000 967 967
40.355469 40.000000 964 964
40.402344 40.000000 959 959
40.434570 40.000000 956 956
40.440430 40.000000 955 955
40.503906 40.000000 949 949
40.521484 40.000000 947 947
40.560547 40.000000 943 943
40.572266 40.000000 942 942
40.639648 40.000000 936 936
40.636719 40.000000 936 936
40.698242 40.000000 930 930
40.695313 40.000000 930 930
40.732422 40.000000 926 926
40.768555 40.000000 923 923
40.787109 40.000000 921 921
40.832031 40.000000 916 916
40.874023 40.000000 912 912
40.873047 40.000000 912 912
40.904297 40.000000 909 909
40.948242 40.000000 905 905
40.967773 40.000000 903 903
40.992188 40.000000 900 900
41.026367 40.000000 897 897
41.062500 40.000000 893 893
41.062500 40.000000 893 893
41.046875 40.000000 895 895
41.026367 40.000000 897 897
41.008789 40.000000 899 899
40.970703 40.000000 902 902
40.985352 40.000000 901 901
40.939453 40.000000 906 906
40.918945 40.000000 908 908
40.871094 40.000000 912 912
40.857422 40.000000 914 914
40.870117 40.000000 912 912
40.867188 40.000000 913 913
40.883789 40.000000 911 911
40.912109 40.000000 908 908
40.920898 40.000000 907 907
40.944336 40.000000 905 905
40.930664 40.000000 906 906
40.951172 40.000000 904 904
40.895508 40.000000 910 910
40.894531 40.000000 910 910
40.852539 40.000000 914 914
40.865234 40.000000 913 913
40.833008 40.000000 916 916
40.819336 40.000000 918 918
40.787109 40.000000 921 921
40.801758 40.000000 919 919
40.838867 40.000000 916 916
40.806641 40.000000 919 919
40.819336 40.000000 918 918
40.867188 40.000000 913 913
40.886719 40.000000 911 911
40.912109 40.000000 908 908
40.892578 40.000000 910 910
40.884766 40.000000 911 911
40.863281 40.000000 913 913
40.857422 40.000000 914 914
40.830078 40.000000 916 916
40.834961 40.000000 916 916
40.810547 40.000000 918 918
40.801758 40.000000 919 919
40.762695 40.000000 923 923
40.758789 40.000000 924 924
40.754883 40.000000 924 924
40.775391 40.000000 922 922
40.750000 40.000000 925 925
40.738281 40.000000 926 926
40.736328 40.000000 926 926
40.716797 40.000000 928 928
40.725586 40.000000 927 927
40.712891 40.000000 928 928
40.720703 40.000000 927 927
40.734375 40.000000 926 926
40.738281 40.000000 926 926
40.788086 40.000000 921 921
40.810547 40.000000 918 918
40.863281 40.000000 913 913
40.929688 40.000000 907 907
40.955078 40.000000 904 904
40.983398 40.000000 901 901
41.016602 40.000000 898 898
40.996094 40.000000 900 900
41.006836 40.000000 899 899
41.000000 40.000000 900 900
40.977539 40.000000 902 902
40.990234 40.000000 900 900
40.946289 40.000000 905 905
40.961914 40.000000 903 903
40.916016 40.000000 908 908
40.903320 40.000000 909 909
40.881836 40.000000 911 911
40.860352 40.000000 913 913
40.826172 40.000000 917 917
40.824219 40.000000 917 917
40.832031 40.000000 916 916
40.788086 40.000000 921 921
40.817383 40.000000 918 918
40.814453 40.000000 918 918
40.813477 40.000000 918 918
40.856445 40.000000 914 914
40.861328 40.000000 913 913
40.917969 40.000000 908 908
40.920898 40.000000 907 907
40.951172 40.000000 904 904
40.982422 40.000000 901 901
41.029297 40.000000 897 897
41.081055 40.000000 891 891
41.131836 40.000000 886 886
41.149414 40.000000 885 885
41.176758 40.000000 882 882
41.228516 40.000000 877 877
41.278320 40.000000 872 872
41.296875 40.000000 870 870
41.291992 40.000000 870 870
41.385742 40.000000 861 861
41.384766 40.000000 861 861
41.409180 40.000000 859 859
41.416016 40.000000 858 858
41.427734 40.000000 857 857
41.407227 40.000000 859 859
41.413086 40.000000 858 858
41.360352 40.000000 863 863
41.347656 40.000000 865 865
41.346680 40.000000 865 865
41.309570 40.000000 869 869
41.279297 40.000000 872 872
41.310547 40.000000 868 868
41.225586 40.000000 877 877
41.231445 40.000000 876 876
41.250000 40.000000 875 875
41.208984 40.000000 879 879
41.222656 40.000000 877 877
41.200195 40.000000 879 879
41.204102 40.000000 879 879
41.175781 40.000000 882 882
41.162109 40.000000 883 883
41.169922 40.000000 883 883
41.159180 40.000000 884 884
41.141602 40.000000 885 885
41.115234 40.000000 888 888
41.105469 40.000000 889 889
41.102539 40.000000 889 889
41.096680 40.000000 890 890
41.081055 40.000000 891 891
41.105469 40.000000 889 889
41.098633 40.000000 890 890
41.072266 40.000000 892 892
41.072266 40.000000 892 892
41.056641 40.000000 894 894
41.041016 40.000000 895 895
41.075195 40.000000 892 892
41.041016 40.000000 895 895
41.062500 40.000000 893 893
41.056641 40.000000 894 894
41.082031 40.000000 891 891
41.088867 40.000000 891 891
41.131836 40.000000 886 886
41.171875 40.000000 882 882
41.189453 40.000000 881 881
41.192383 40.000000 880 880
41.159180 40.000000 884 884
41.161133 40.000000 883 883
41.170898 40.000000 882 882
41.118164 40.000000 888 888
41.110352 40.000000 888 888
41.112305 40.000000 888 888
41.083984 40.000000 891 891
41.105469 40.000000 889 889
41.094727 40.000000 890 890
41.116211 40.000000 888 888
41.107422 40.000000 889 889
41.179688 40.000000 882 882
41.197266 40.000000 880 880
41.208984 40.000000 879 879
41.188477 40.000000 881 881
41.202148 40.000000 879 879
41.235352 40.000000 876 876
41.185547 40.000000 881 881
41.184570 40.000000 881 881
41.176758 40.000000 882 882
41.201172 40.000000 879 879
41.170898 40.000000 882 882
41.164063 40.000000 883 883
41.158203 40.000000 884 884
41.146484 40.000000 885 885
41.145508 40.000000 885 885
41.219727 40.000000 878 878
41.218750 40.000000 878 878
41.266602 40.000000 873 873
41.241211 40.000000 875 875
41.218750 40.000000 878 878
41.179688 40.000000 882 882
41.153320 40.000000 884 884
41.127930 40.000000 887 887
41.157227 40.000000 884 884
41.146484 40.000000 885 885
41.126953 40.000000 887 887
41.159180 40.000000 884 884
41.154297 40.000000 884 884
41.187500 40.000000 881 881
41.150391 40.000000 884 884
41.158203 40.000000 884 884
41.174805 40.000000 882 882
41.167969 40.000000 883 883
41.202148 40.000000 879 879
41.264648 40.000000 873 873
41.236328 40.000000 876 876
41.252930 40.000000 874 874
41.221680 40.000000 877 877
41.251953 40.000000 874 874
41.250000 40.000000 875 875
41.214844 40.000000 878 878
41.221680 40.000000 877 877
41.245117 40.000000 875 875
41.194336 40.000000 880 880
41.204102 40.000000 879 879
41.200195 40.000000 879 879
41.207031 40.000000 879 879
41.209961 40.000000 879 879
41.225586 40.000000 877 877
41.262695 40.000000 873 873
41.283203 40.000000 871 871
41.284180 40.000000 871 871
41.316406 40.000000 868 868
41.289063 40.000000 871 871
41.320313 40.000000 867 867
41.308594 40.000000 869 869
41.296875 40.000000 870 870
41.304688 40.000000 869 869
41.299805 40.000000 870 870
41.277344 40.000000 872 872
41.286133 40.000000 871 871
41.222656 40.000000 877 877
41.176758 40.000000 882 882
41.140625 40.000000 885 885
41.142578 40.000000 885 885
41.202148 40.000000 879 879
41.207031 40.000000 879 879
41.193359 40.000000 880 880
41.227539 40.000000 877 877
41.219727 40.000000 878 878
41.248047 40.000000 875 875
41.218750 40.000000 878 878
41.236328 40.000000 876 876
41.206055 40.000000 879 879
41.183594 40.000000 881 881
41.171875 40.000000 882 882
41.239258 40.000000 876 876
41.266602 40.000000 873 873
41.307617 40.000000 869 869
41.357422 40.000000 864 864
41.382813 40.000000 861 861
41.403320 40.000000 859 859
41.393555 40.000000 860 860
41.402344 40.000000 859 859
41.423828 40.000000 857 857
41.377930 40.000000 862 862
41.385742 40.000000 861 861
41.376953 40.000000 862 862
41.370117 40.000000 862 862
41.363281 40.000000 863 863
41.364258 40.000000 863 863
41.346680 40.000000 865 865
41.329102 40.000000 867 867
41.346680 40.000000 865 865
41.350586 40.000000 864 864
41.329102 40.000000 867 867
41.331055 40.000000 866 866
41.341797 40.000000 865 865
41.347656 40.000000 865 865
41.365234 40.000000 863 863
41.384766 40.000000 861 861
41.393555 40.000000 860 860
41.400391 40.000000 859 859
41.391602 40.000000 860 860
41.386719 40.000000 861 861
41.439453 40.000000 856 856
41.390625 40.000000 860 860
41.425781 40.000000 857 857
41.339844 40.000000 866 866
41.373047 40.000000 862 862
41.382813 40.000000 861 861
41.353516 40.000000 864 864
41.375000 40.000000 862 862
41.394531 40.000000 860 860
41.420898 40.000000 857 857
41.460938 40.000000 853 853
41.455078 40.000000 854 854
41.479492 40.000000 852 852
41.475586 40.000000 852 852
41.442383 40.000000 855 855
41.456055 40.000000 854 854
41.415039 40.000000 858 858
41.413086 40.000000 858 858
41.433594 40.000000 856 856
41.407227 40.000000 859 859
41.413086 40.000000 858 858
41.389648 40.000000 861 861
41.416016 40.000000 858 858
41.445313 40.000000 855 855
41.446289 40.000000 855 855
41.493164 40.000000 850 850
41.299805 40.000000 870 870
41.287109 40.000000 871 871
41.304688 40.000000 869 869
41.334961 40.000000 866 866
41.376953 40.000000 862 862
41.369141 40.000000 863 863
41.394531 40.000000 860 860
41.389648 40.000000 861 861
41.415039 40.000000 858 858
41.407227 40.000000 859 859
41.403320 40.000000 859 859
41.384766 40.000000 861 861
41.423828 40.000000 857 857
41.484375 40.000000 851 851
41.503906 40.000000 849 849
41.520508 40.000000 847 847
41.513672 40.000000 848 848
41.525391 40.000000 847 847
41.534180 40.000000 846 846
41.529297 40.000000 847 847
41.532227 40.000000 846 846
41.476563 40.000000 852 852
41.480469 40.000000 851 851
41.477539 40.000000 852 852
41.455078 40.000000 854 854
41.463867 40.000000 853 853
41.452148 40.000000 854 854
41.423828 40.000000 857 857
41.427734 40.000000 857 857
41.447266 40.000000 855 855
41.443359 40.000000 855 855
41.458008 40.000000 854 854
41.455078 40.000000 854 854
41.456055 40.000000 854 854
41.411133 40.000000 858 858
41.396484 40.000000 860 860
41.430664 40.000000 856 856
41.416016 40.000000 858 858
41.428711 40.000000 857 857
41.470703 40.000000 852 852
41.540039 40.000000 845 845
41.536133 40.000000 846 846
41.587891 40.000000 841 841
41.609375 40.000000 839 839
41.587891 40.000000 841 841
41.608398 40.000000 839 839
41.600586 40.000000 839 839
41.596680 40.000000 840 840
41.597656 40.000000 840 840
41.562500 40.000000 843 843
41.602539 40.000000 839 839
41.584961 40.000000 841 841
41.566406 40.000000 843 843
41.604492 40.000000 839 839
41.552734 40.000000 844 844
41.570313 40.000000 842 842
41.571289 40.000000 842 842
41.595703 40.000000 840 840
41.549805 40.000000 845 845
41.576172 40.000000 842 842
41.570313 40.000000 842 842
41.550781 40.000000 844 844
41.558594 40.000000 844 844
41.554688 40.000000 844 844
41.587891 40.000000 841 841
41.571289 40.000000 842 842
41.565430 40.000000 843 843
41.571289 40.000000 842 842
41.598633 40.000000 840 840
41.660156 40.000000 833 833
41.645508 40.000000 835 835
41.660156 40.000000 833 833
41.640625 40.000000 835 835
41.634766 40.000000 836 836
41.656250 40.000000 834 834
41.640625 40.000000 835 835
41.623047 40.000000 837 837
41.632813 40.000000 836 836
41.587891 40.000000 841 841
41.619141 40.000000 838 838
41.623047 40.000000 837 837
41.618164 40.000000 838 838
41.600586 40.000000 839 839
41.613281 40.000000 838 838
41.586914 40.000000 841 841
41.645508 40.000000 835 835
41.683594 40.000000 831 831
41.645508 40.000000 835 835
41.636719 40.000000 836 836
41.639648 40.000000 836 836
41.623047 40.000000 837 837
41.619141 40.000000 838 838
41.615234 40.000000 838 838
41.631836 40.000000 836 836
41.629883 40.000000 837 837
41.624023 40.000000 837 837
41.619141 40.000000 838 838
41.644531 40.000000 835 835
41.635742 40.000000 836 836
41.624023 40.000000 837 837
41.632813 40.000000 836 836
41.649414 40.000000 835 835
41.679688 40.000000 832 832
41.703125 40.000000 829 829
41.695313 40.000000 830 830
41.704102 40.000000 829 829
41.688477 40.000000 831 831
41.691406 40.000000 830 830
41.692383 40.000000 830 830
41.701172 40.000000 829 829
41.674805 40.000000 832 832
41.705078 40.000000 829 829
41.681641 40.000000 831 831
41.694336 40.000000 830 830
41.677734 40.000000 832 832
41.643555 40.000000 835 835
41.701172 40.000000 829 829
41.678711 40.000000 832 832
41.666016 40.000000 833 833
41.647461 40.000000 835 835
41.666016 40.000000 833 833
41.657227 40.000000 834 834
41.666016 40.000000 833 833
41.694336 40.000000 830 830
41.649414 40.000000 835 835
41.668945 40.000000 833 833
41.622070 40.000000 837 837
41.630859 40.000000 836 836
41.673828 40.000000 832 832
41.640625 40.000000 835 835
41.652344 40.000000 834 834
41.629883 40.000000 837 837
41.658203 40.000000 834 834
41.662109 40.000000 833 833
41.654297 40.000000 834 834
41.652344 40.000000 834 834
41.627930 40.000000 837 837
41.665039 40.000000 833 833
41.640625 40.000000 835 835
41.643555 40.000000 835 835
41.649414 40.000000 835 835
41.647461 40.000000 835 835
41.635742 40.000000 836 836
41.657227 40.000000 834 834
41.661133 40.000000 833 833
41.618164 40.000000 838 838
41.644531 40.000000 835 835
41.627930 40.000000 837 837
41.635742 40.000000 836 836
41.625977 40.000000 837 837
41.627930 40.000000 837 837
41.610352 40.000000 838 838
41.620117 40.000000 837 837
41.625977 40.000000 837 837
41.622070 40.000000 837 837
41.630859 40.000000 836 836
41.629883 40.000000 837 837
41.652344 40.000000 834 834
41.665039 40.000000 833 833
41.665039 40.000000 833 833
41.630859 40.000000 836 836
41.601563 40.000000 839 839
41.614258 40.000000 838 838
41.605469 40.000000 839 839
41.571289 40.000000 842 842
41.624023 40.000000 837 837
41.613281 40.000000 838 838
41.588867 40.000000 841 841
41.601563 40.000000 839 839
41.645508 40.000000 835 835
41.653320 40.000000 834 834
41.658203 40.000000 834 834
41.666992 40.000000 833 833
41.696289 40.000000 830 830
41.726563 40.000000 827 827
41.705078 40.000000 829 829
41.695313 40.000000 830 830
41.747070 40.000000 825 825
41.735352 40.000000 826 826
41.743164 40.000000 825 825
41.750977 40.000000 824 824
41.729492 40.000000 827 827
41.765625 40.000000 823 823
41.756836 40.000000 824 824
41.709961 40.000000 829 829
41.668945 40.000000 833 833
41.708008 40.000000 829 829
41.706055 40.000000 829 829
41.700195 40.000000 829 829
41.727539 40.000000 827 827
41.712891 40.000000 828 828
41.722656 40.000000 827 827
41.748047 40.000000 825 825
41.734375 40.000000 826 826
41.703125 40.000000 829 829
41.678711 40.000000 832 832
41.668945 40.000000 833 833
41.677734 40.000000 832 832
41.711914 40.000000 828 828
41.675781 40.000000 832 832
41.692383 40.000000 830 830
41.675781 40.000000 832 832
41.683594 40.000000 831 831
41.694336 40.000000 830 830
41.735352 40.000000 826 826
41.787109 40.000000 821 821
41.808594 40.000000 819 819
41.833008 40.000000 816 816
41.868164 40.000000 813 813
41.859375 40.000000 814 814
41.858398 40.000000 814 814
41.899414 40.000000 810 810
41.905273 40.000000 809 809
41.888672 40.000000 811 811
41.886719 40.000000 811 811
41.906250 40.000000 809 809
41.888672 40.000000 811 811
41.867188 40.000000 813 813
41.893555 40.000000 810 810
41.883789 40.000000 811 811
41.883789 40.000000 811 811
41.865234 40.000000 813 813
41.875000 40.000000 812 812
41.867188 40.000000 813 813
41.899414 40.000000 810 810
41.875000 40.000000 812 812
41.906250 40.000000 809 809
41.825195 40.000000 817 817
41.696289 40.000000 830 830
41.690430 40.000000 830 830
41.782227 40.000000 821 821
41.783203 40.000000 821 821
41.811523 40.000000 818 818
41.850586 40.000000 814 814
41.877930 40.000000 812 812
41.903320 40.000000 809 809
41.856445 40.000000 814 814
41.898438 40.000000 810 810
41.903320 40.000000 809 809
41.910156 40.000000 808 808
41.889648 40.000000 811 811
41.896484 40.000000 810 810
41.914063 40.000000 808 808
41.896484 40.000000 810 810
41.923828 40.000000 807 807
41.922852 40.000000 807 807
41.917969 40.000000 808 808
41.912109 40.000000 808 808
41.905273 40.000000 809 809
41.920898 40.000000 807 807
41.937500 40.000000 806 806
41.915039 40.000000 808 808
41.923828 40.000000 807 807
41.915039 40.000000 808 808
41.905273 40.000000 809 809
41.919922 40.000000 808 808
41.914063 40.000000 808 808
41.903320 40.000000 809 809
41.935547 40.000000 806 806
41.910156 40.000000 808 808
41.869141 40.000000 813 813
41.855469 40.000000 814 814
41.889648 40.000000 811 811
41.863281 40.000000 813 813
41.917969 40.000000 808 808
41.888672 40.000000 811 811
41.867188 40.000000 813 813
41.893555 40.000000 810 810
41.888672 40.000000 811 811
41.902344 40.000000 809 809
41.873047 40.000000 812 812
41.920898 40.000000 807 807
41.927734 40.000000 807 807
41.911133 40.000000 808 808
41.915039 40.000000 808 808
41.850586 40.000000 814 814
41.819336 40.000000 818 818
41.841797 40.000000 815 815
41.838867 40.000000 816 816
41.834961 40.000000 816 816
41.859375 40.000000 814 814
41.833008 40.000000 816 816
41.897461 40.000000 810 810
41.867188 40.000000 813 813
41.892578 40.000000 810 810
41.868164 40.000000 813 813
41.903320 40.000000 809 809
41.896484 40.000000 810 810
41.903320 40.000000 809 809
41.908203 40.000000 809 809
41.918945 40.000000 808 808
41.957031 40.000000 804 804
41.960938 40.000000 803 803
41.971680 40.000000 802 802
41.923828 40.000000 807 807
41.950195 40.000000 804 804
41.955078 40.000000 804 804
41.962891 40.000000 803 803
41.946289 40.000000 805 805
41.906250 40.000000 809 809
41.851563 40.000000 814 814
41.876953 40.000000 812 812
41.918945 40.000000 808 808
41.892578 40.000000 810 810
41.928711 40.000000 807 807
41.942383 40.000000 805 805
41.907227 40.000000 809 809
41.945313 40.000000 805 805
41.940430 40.000000 805 805
41.946289 40.000000 805 805
41.941406 40.000000 805 805
41.954102 40.000000 804 804
41.926758 40.000000 807 807
41.950195 40.000000 804 804
41.969727 40.000000 803 803
41.936523 40.000000 806 806
41.933594 40.000000 806 806
41.949219 40.000000 805 805
41.955078 40.000000 804 804
41.942383 40.000000 805 805
41.922852 40.000000 807 807
41.941406 40.000000 805 805
41.965820 40.000000 803 803
41.922852 40.000000 807 807
41.935547 40.000000 806 806
41.896484 40.000000 810 810
41.899414 40.000000 810 810
41.931641 40.000000 806 806
41.919922 40.000000 808 808
41.937500 40.000000 806 806
41.937500 40.000000 806 806
41.949219 40.000000 805 805
41.932617 40.000000 806 806
41.967773 40.000000 803 803
41.928711 40.000000 807 807
41.951172 40.000000 804 804
41.957031 40.000000 804 804
41.967773 40.000000 803 803
41.953125 40.000000 804 804
41.955078 40.000000 804 804
41.948242 40.000000 805 805
41.950195 40.000000 804 804
41.974609 40.000000 802 802
41.989258 40.000000 801 801
42.022461 40.000000 797 797
42.018555 40.000000 798 798
42.021484 40.000000 797 797
42.018555 40.000000 798 798
42.010742 40.000000 798 798
41.970703 40.000000 802 802
41.927734 40.000000 807 807
41.965820 40.000000 803 803
41.979492 40.000000 802 802
41.985352 40.000000 801 801
41.992188 40.000000 800 800
41.992188 40.000000 800 800
42.010742 40.000000 798 798
41.976563 40.000000 802 802
42.018555 40.000000 798 798
41.979492 40.000000 802 802
41.997070 40.000000 800 800
42.009766 40.000000 799 799
42.012695 40.000000 798 798
41.975586 40.000000 802 802
41.982422 40.000000 801 801
42.026367 40.000000 797 797
42.013672 40.000000 798 798
42.018555 40.000000 798 798
42.008789 40.000000 799 799
42.000977 40.000000 799 799
41.992188 40.000000 800 800
42.039063 40.000000 796 796
42.031250 40.000000 796 796
41.998047 40.000000 800 800
41.958008 40.000000 804 804
41.950195 40.000000 804 804
41.971680 40.000000 802 802
41.940430 40.000000 805 805
41.965820 40.000000 803 803
41.980469 40.000000 801 801
41.987305 40.000000 801 801
41.993164 40.000000 800 800
42.022461 40.000000 797 797
42.019531 40.000000 798 798
41.992188 40.000000 800 800
42.004883 40.000000 799 799
42.008789 40.000000 799 799
42.006836 40.000000 799 799
42.025391 40.000000 797 797
42.010742 40.000000 798 798
42.051758 40.000000 794 794
42.028320 40.000000 797 797
42.034180 40.000000 796 796
42.039063 40.000000 796 796
42.028320 40.000000 797 797
42.064453 40.000000 793 793
42.021484 40.000000 797 797
42.030273 40.000000 796 796
42.049805 40.000000 795 795
42.027344 40.000000 797 797
42.060547 40.000000 793 793
42.031250 40.000000 796 796
42.071289 40.000000 792 792
42.056641 40.000000 794 794
42.034180 40.000000 796 796
42.044922 40.000000 795 795
42.037109 40.000000 796 796
42.012695 40.000000 798 798
42.000977 40.000000 799 799
42.025391 40.000000 797 797
42.021484 40.000000 797 797
42.018555 40.000000 798 798
42.010742 40.000000 798 798
42.036133 40.000000 796 796
42.053711 40.000000 794 794
42.052734 40.000000 794 794
42.057617 40.000000 794 794
42.062500 40.000000 793 793
42.052734 40.000000 794 794
42.058594 40.000000 794 794
42.069336 40.000000 793 793
42.070313 40.000000 792 792
42.085938 40.000000 791 791
42.086914 40.000000 791 791
42.075195 40.000000 792 792
42.083984 40.000000 791 791
42.064453 40.000000 793 793
42.057617 40.000000 794 794
42.064453 40.000000 793 793
42.104492 40.000000 789 789
42.075195 40.000000 792 792
42.042969 40.000000 795 795
42.065430 40.000000 793 793
42.057617 40.000000 794 794
42.040039 40.000000 795 795
42.061523 40.000000 793 793
42.099609 40.000000 790 790
42.068359 40.000000 793 793
42.061523 40.000000 793 793
42.055664 40.000000 794 794
42.053711 40.000000 794 794
42.044922 40.000000 795 795
42.053711 40.000000 794 794
42.049805 40.000000 795 795
42.041016 40.000000 795 795
42.082031 40.000000 791 791
42.049805 40.000000 795 795
42.079102 40.000000 792 792
42.031250 40.000000 796 796
42.071289 40.000000 792 792
42.094727 40.000000 790 790
42.094727 40.000000 790 790

42.082031 40.000000 791 791
42.094727 40.000000 790 790
42.110352 40.000000 788 788
42.046875 40.000000 795 795
42.099609 40.000000 790 790
42.048828 40.000000 795 795
42.094727 40.000000 790 790
42.057617 40.000000 794 794
42.069336 40.000000 793 793
42.070313 40.000000 792 792
42.112305 40.000000 788 788
42.070313 40.000000 792 792
42.085938 40.000000 791 791
42.087891 40.000000 791 791
42.100586 40.000000 789 789
42.071289 40.000000 792 792
42.078125 40.000000 792 792
42.079102 40.000000 792 792
42.101563 40.000000 789 789
42.095703 40.000000 790 790
42.066406 40.000000 793 793
41.997070 40.000000 800 800
41.984375 40.000000 801 801
41.989258 40.000000 801 801
41.998047 40.000000 800 800
42.025391 40.000000 797 797
42.055664 40.000000 794 794
42.034180 40.000000 796 796
42.070313 40.000000 792 792
42.041016 40.000000 795 795
42.046875 40.000000 795 795
42.070313 40.000000 792 792
42.058594 40.000000 794 794
42.052734 40.000000 794 794
42.075195 40.000000 792 792
42.060547 40.000000 793 793
42.066406 40.000000 793 793
42.053711 40.000000 794 794
42.042969 40.000000 795 795
42.055664 40.000000 794 794
42.090820 40.000000 790 790
42.065430 40.000000 793 793
42.044922 40.000000 795 795
42.048828 40.000000 795 795
42.057617 40.000000 794 794
42.071289 40.000000 792 792

42.075195 40.000000 792 792
42.080078 40.000000 791 791
42.078125 40.000000 792 792
42.062500 40.000000 793 793
42.087891 40.000000 791 791
42.094727 40.000000 790 790
42.071289 40.000000 792 792
42.015625 40.000000 798 798
42.006836 40.000000 799 799
42.035156 40.000000 796 796
42.042969 40.000000 795 795
42.074219 40.000000 792 792
42.092773 40.000000 790 790
42.087891 40.000000 791 791
42.058594 40.000000 794 794
42.107422 40.000000 789 789
42.107422 40.000000 789 789
42.098633 40.000000 790 790
42.125000 40.000000 787 787
42.091797 40.000000 790 790
42.109375 40.000000 789 789
42.094727 40.000000 790 790
42.139648 40.000000 786 786
42.125000 40.000000 787 787
42.123047 40.000000 787 787
42.147461 40.000000 785 785
42.126953 40.000000 787 787
42.122070 40.000000 787 787
42.129883 40.000000 787 787
42.129883 40.000000 787 787
42.107422 40.000000 789 789
42.150391 40.000000 784 784
42.123047 40.000000 787 787
42.108398 40.000000 789 789
42.142578 40.000000 785 785
42.134766 40.000000 786 786
42.152344 40.000000 784 784
42.131836 40.000000 786 786
42.083008 40.000000 791 791
42.098633 40.000000 790 790
42.107422 40.000000 789 789
42.075195 40.000000 792 792
42.091797 40.000000 790 790
42.103516 40.000000 789 789
42.141602 40.000000 785 785
42.109375 40.000000 789 789
42.107422 40.000000 789 789
42.146484 40.000000 785 785
42.125000 40.000000 787 787
42.159180 40.000000 784 784
42.157227 40.000000 784 784
42.151367 40.000000 784 784
42.110352 40.000000 788 788
42.134766 40.000000 786 786
42.157227 40.000000 784 784
42.146484 40.000000 785 785
42.168945 40.000000 783 783
42.139648 40.000000 786 786
42.171875 40.000000 782 782
42.166016 40.000000 783 783
42.168945 40.000000 783 783
42.166016 40.000000 783 783
42.169922 40.000000 783 783
42.168945 40.000000 783 783
42.172852 40.000000 782 782
42.176758 40.000000 782 782
42.190430 40.000000 780 780
42.146484 40.000000 785 785
42.144531 40.000000 785 785
42.151367 40.000000 784 784
42.167969 40.000000 783 783
42.055664 40.000000 794 794
41.955078 40.000000 804 804
41.975586 40.000000 802 802
41.980469 40.000000 801 801
42.065430 40.000000 793 793
42.051758 40.000000 794 794
41.941406 40.000000 805 805
41.954102 40.000000 804 804
41.954102 40.000000 804 804
42.040039 40.000000 795 795
42.040039 40.000000 795 795
42.070313 40.000000 792 792
42.091797 40.000000 790 790
42.144531 40.000000 785 785
42.135742 40.000000 786 786
42.100586 40.000000 789 789
42.135742 40.000000 786 786
42.137695 40.000000 786 786
42.114258 40.000000 788 788
42.135742 40.000000 786 786
42.161133 40.000000 783 783
42.150391 40.000000 784 784
42.157227 40.000000 784 784
42.117188 40.000000 788 788
42.157227 40.000000 784 784
42.103516 40.000000 789 789
41.997070 40.000000 800 800
41.985352 40.000000 801 801
42.028320 40.000000 797 797
42.064453 40.000000 793 793
42.088867 40.000000 791 791
42.134766 40.000000 786 786
42.096680 40.000000 790 790
42.122070 40.000000 787 787
42.085938 40.000000 791 791
42.066406 40.000000 793 793
42.056641 40.000000 794 794
42.064453 40.000000 793 793
42.088867 40.000000 791 791
42.061523 40.000000 793 793
42.120117 40.000000 787 787
42.109375 40.000000 789 789
42.065430 40.000000 793 793
42.078125 40.000000 792 792
42.105469 40.000000 789 789
42.101563 40.000000 789 789
42.122070 40.000000 787 787
42.117188 40.000000 788 788
42.104492 40.000000 789 789
42.112305 40.000000 788 788
42.125977 40.000000 787 787
42.117188 40.000000 788 788
42.060547 40.000000 793 793
42.077148 40.000000 792 792
42.088867 40.000000 791 791
41.972656 40.000000 802 802
41.922852 40.000000 807 807
41.978516 40.000000 802 802
41.970703 40.000000 802 802
42.009766 40.000000 799 799
42.037109 40.000000 796 796
42.077148 40.000000 792 792
42.086914 40.000000 791 791
42.092773 40.000000 790 790
42.137695 40.000000 786 786
42.161133 40.000000 783 783
42.152344 40.000000 784 784
42.144531 40.000000 785 785
42.177734 40.000000 782 782
42.153320 40.000000 784 784
42.171875 40.000000 782 782
42.171875 40.000000 782 782
42.178711 40.000000 782 782
42.181641 40.000000 781 781
42.228516 40.000000 777 777
42.191406 40.000000 780 780
42.220703 40.000000 777 777
42.215820 40.000000 778 778
42.217773 40.000000 778 778
42.208008 40.000000 779 779
42.203125 40.000000 779 779
42.204102 40.000000 779 779
42.204102 40.000000 779 779
42.204102 40.000000 779 779
42.208008 40.000000 779 779
42.214844 40.000000 778 778
42.199219 40.000000 780 780
42.199219 40.000000 780 780
42.208984 40.000000 779 779
42.241211 40.000000 775 775
42.230469 40.000000 776 776
42.236328 40.000000 776 776
42.215820 40.000000 778 778
42.242188 40.000000 775 775
42.211914 40.000000 778 778
42.243164 40.000000 775 775
42.245117 40.000000 775 775
42.217773 40.000000 778 778
42.208984 40.000000 779 779
42.174805 40.000000 782 782
42.199219 40.000000 780 780
42.206055 40.000000 779 779
42.214844 40.000000 778 778
42.193359 40.000000 780 780
42.221680 40.000000 777 777
42.193359 40.000000 780 780
42.254883 40.000000 774 774
42.210938 40.000000 778 778
42.227539 40.000000 777 777
42.195313 40.000000 780 780
42.220703 40.000000 777 777
42.198242 40.000000 780 780
42.225586 40.000000 777 777
42.225586 40.000000 777 777
42.233398 40.000000 776 776
42.200195 40.000000 779 779
42.223633 40.000000 777 777
42.206055 40.000000 779 779
42.245117 40.000000 775 775
42.254883 40.000000 774 774
42.246094 40.000000 775 775
42.250000 40.000000 775 775
42.250000 40.000000 775 775
42.263672 40.000000 773 773
42.251953 40.000000 774 774
42.258789 40.000000 774 774
42.257813 40.000000 774 774
42.276367 40.000000 772 772
42.285156 40.000000 771 771
42.260742 40.000000 773 773
42.255859 40.000000 774 774
42.266602 40.000000 773 773
42.267578 40.000000 773 773
42.285156 40.000000 771 771
42.280273 40.000000 771 771
42.262695 40.000000 773 773
42.279297 40.000000 772 772
42.297852 40.000000 770 770
42.301758 40.000000 769 769
42.301758 40.000000 769 769
42.260742 40.000000 773 773
42.202148 40.000000 779 779
42.199219 40.000000 780 780
42.203125 40.000000 779 779
42.211914 40.000000 778 778
42.184570 40.000000 781 781
42.198242 40.000000 780 780
42.180664 40.000000 781 781
42.249023 40.000000 775 775
42.206055 40.000000 779 779
42.207031 40.000000 779 779
42.181641 40.000000 781 781
42.202148 40.000000 779 779
42.214844 40.000000 778 778
42.236328 40.000000 776 776
42.236328 40.000000 776 776
42.241211 40.000000 775 775
42.224609 40.000000 777 777
42.238281 40.000000 776 776
42.234375 40.000000 776 776
42.241211 40.000000 775 775
42.258789 40.000000 774 774
42.262695 40.000000 773 773
42.276367 40.000000 772 772
42.270508 40.000000 772 772
42.263672 40.000000 773 773
42.290039 40.000000 770 770
42.302734 40.000000 769 769
42.271484 40.000000 772 772
42.272461 40.000000 772 772
42.281250 40.000000 771 771
42.275391 40.000000 772 772
42.294922 40.000000 770 770
42.281250 40.000000 771 771
42.290039 40.000000 770 770
42.258789 40.000000 774 774
42.282227 40.000000 771 771
42.309570 40.000000 769 769
42.314453 40.000000 768 768
42.296875 40.000000 770 770
42.313477 40.000000 768 768
42.336914 40.000000 766 766
42.309570 40.000000 769 769
42.293945 40.000000 770 770
42.268555 40.000000 773 773
42.280273 40.000000 771 771
42.246094 40.000000 775 775
42.257813 40.000000 774 774
42.272461 40.000000 772 772
42.302734 40.000000 769 769
42.301758 40.000000 769 769
42.285156 40.000000 771 771
42.294922 40.000000 770 770
42.282227 40.000000 771 771
42.259766 40.000000 774 774
42.275391 40.000000 772 772
42.301758 40.000000 769 769
42.286133 40.000000 771 771
42.291992 40.000000 770 770
42.285156 40.000000 771 771
42.243164 40.000000 775 775
42.275391 40.000000 772 772
42.230469 40.000000 776 776
42.260742 40.000000 773 773
42.267578 40.000000 773 773
42.263672 40.000000 773 773
42.266602 40.000000 773 773
42.262695 40.000000 773 773
42.266602 40.000000 773 773
42.279297 40.000000 772 772
42.314453 40.000000 768 768
42.305664 40.000000 769 769
42.301758 40.000000 769 769
42.309570 40.000000 769 769
42.293945 40.000000 770 770
42.352539 40.000000 764 764
42.331055 40.000000 766 766
42.332031 40.000000 766 766
42.354492 40.000000 764 764
42.387695 40.000000 761 761
42.362305 40.000000 763 763
42.374023 40.000000 762 762
42.382813 40.000000 761 761
42.357422 40.000000 764 764
42.361328 40.000000 763 763
42.357422 40.000000 764 764
42.374023 40.000000 762 762
42.350586 40.000000 764 764
42.353516 40.000000 764 764
42.365234 40.000000 763 763
42.343750 40.000000 765 765
42.396484 40.000000 760 760
42.346680 40.000000 765 765
42.362305 40.000000 763 763
42.397461 40.000000 760 760
42.423828 40.000000 757 757
42.392578 40.000000 760 760
42.398438 40.000000 760 760
42.363281 40.000000 763 763
42.408203 40.000000 759 759
42.355469 40.000000 764 764
42.389648 40.000000 761 761
42.409180 40.000000 759 759
42.392578 40.000000 760 760
42.335938 40.000000 766 766
42.322266 40.000000 767 767
42.292969 40.000000 770 770
42.331055 40.000000 766 766
42.310547 40.000000 768 768
42.315430 40.000000 768 768
42.329102 40.000000 767 767
42.322266 40.000000 767 767
42.329102 40.000000 767 767
42.357422 40.000000 764 764
42.344727 40.000000 765 765
42.357422 40.000000 764 764
42.340820 40.000000 765 765
42.368164 40.000000 763 763
42.379883 40.000000 762 762
42.395508 40.000000 760 760
42.397461 40.000000 760 760
42.384766 40.000000 761 761
42.395508 40.000000 760 760
42.417969 40.000000 758 758
42.386719 40.000000 761 761
42.438477 40.000000 756 756
42.384766 40.000000 761 761
42.314453 40.000000 768 768
42.344727 40.000000 765 765
42.291992 40.000000 770 770
42.279297 40.000000 772 772
42.246094 40.000000 775 775
42.214844 40.000000 778 778
42.246094 40.000000 775 775
42.245117 40.000000 775 775
42.234375 40.000000 776 776
42.247070 40.000000 775 775
42.267578 40.000000 773 773
42.255859 40.000000 774 774
42.264648 40.000000 773 773
42.253906 40.000000 774 774
42.292969 40.000000 770 770
42.268555 40.000000 773 773
42.280273 40.000000 771 771
42.331055 40.000000 766 766
42.246094 40.000000 775 775
42.289063 40.000000 771 771
42.249023 40.000000 775 775
42.241211 40.000000 775 775
42.255859 40.000000 774 774
42.282227 40.000000 771 771
42.315430 40.000000 768 768
42.303711 40.000000 769 769
