30.533203 40.000000 19933 19933
31.105469 40.000000 18789 18789
32.542969 40.000000 15914 15914
34.423828 40.000000 12152 12152
36.329102 40.000000 8341 8341
38.078125 40.000000 4843 4843
39.452148 40.000000 2095 2095
40.414063 40.000000 171 171
41.025391 40.000000 0 0
41.246094 40.000000 0 0
41.301758 40.000000 0 0
41.206055 40.000000 0 0
41.026367 40.000000 0 0
40.934570 40.000000 0 0
40.732422 40.000000 0 0
40.568359 40.000000 0 0
40.375000 40.000000 250 250
40.207031 40.000000 585 585
40.061523 40.000000 876 876
39.932617 40.000000 1134 1134
39.822266 40.000000 1355 1355
39.791992 40.000000 1416 1416
39.755859 40.000000 1488 1488
39.768555 40.000000 1462 1462
39.803711 40.000000 1392 1392
39.788086 40.000000 1423 1423
39.842773 40.000000 1314 1314
39.838867 40.000000 1322 1322
39.864258 40.000000 1271 1271
39.881836 40.000000 1236 1236
39.893555 40.000000 1212 1212
39.899414 40.000000 1201 1201
39.889648 40.000000 1220 1220
39.851563 40.000000 1296 1296
39.838867 40.000000 1322 1322
39.841797 40.000000 1316 1316
39.829102 40.000000 1341 1341
39.833984 40.000000 1332 1332
39.821289 40.000000 1357 1357
39.811523 40.000000 1376 1376
39.795898 40.000000 1408 1408
39.794922 40.000000 1410 1410
39.793945 40.000000 1412 1412
39.788086 40.000000 1423 1423
39.818359 40.000000 1363 1363
39.802734 40.000000 1394 1394
39.809570 40.000000 1380 1380
39.779297 40.000000 1441 1441
39.783203 40.000000 1433 1433
39.833008 40.000000 1333 1333
39.879883 40.000000 1240 1240
39.922852 40.000000 1154 1154
39.904297 40.000000 1191 1191
39.976563 40.000000 1046 1046
39.968750 40.000000 1062 1062
39.972656 40.000000 1054 1054
39.955078 40.000000 1089 1089
40.000977 40.000000 998 998
39.951172 40.000000 1097 1097
39.954102 40.000000 1091 1091
39.928711 40.000000 1142 1142
39.923828 40.000000 1152 1152
39.890625 40.000000 1218 1218
39.841797 40.000000 1316 1316
39.845703 40.000000 1308 1308
39.907227 40.000000 1185 1185
39.938477 40.000000 1123 1123
39.981445 40.000000 1037 1037
40.001953 40.000000 996 996
40.018555 40.000000 962 962
40.069336 40.000000 861 861
39.992188 40.000000 1015 1015
39.985352 40.000000 1029 1029
39.998047 40.000000 1003 1003
40.019531 40.000000 960 960
40.039063 40.000000 921 921
40.017578 40.000000 964 964
40.004883 40.000000 990 990
39.954102 40.000000 1091 1091
39.940430 40.000000 1119 1119
39.903320 40.000000 1193 1193
39.929688 40.000000 1140 1140
39.942383 40.000000 1115 1115
39.937500 40.000000 1125 1125
39.885742 40.000000 1228 1228
39.856445 40.000000 1287 1287
39.842773 40.000000 1314 1314
39.816406 40.000000 1367 1367
39.858398 40.000000 1283 1283
39.855469 40.000000 1289 1289
39.910156 40.000000 1179 1179
39.956055 40.000000 1087 1087
39.950195 40.000000 1099 1099
39.882813 40.000000 1234 1234
39.884766 40.000000 1230 1230
39.946289 40.000000 1107 1107
40.000977 40.000000 998 998
40.014648 40.000000 970 970
40.044922 40.000000 910 910
40.019531 40.000000 960 960
39.967773 40.000000 1064 1064
39.955078 40.000000 1089 1089
39.933594 40.000000 1132 1132
39.919922 40.000000 1160 1160
39.923828 40.000000 1152 1152
39.936523 40.000000 1126 1126
39.936523 40.000000 1126 1126
39.956055 40.000000 1087 1087
39.976563 40.000000 1046 1046
39.989258 40.000000 1021 1021
40.023438 40.000000 953 953
40.048828 40.000000 902 902
40.063477 40.000000 873 873
40.041992 40.000000 916 916
40.049805 40.000000 900 900
40.020508 40.000000 958 958
40.005859 40.000000 988 988
40.026367 40.000000 947 947
40.006836 40.000000 986 986
40.054688 40.000000 890 890
40.065430 40.000000 869 869
40.087891 40.000000 824 824
40.106445 40.000000 787 787
40.104492 40.000000 791 791
40.105469 40.000000 789 789
40.082031 40.000000 835 835
40.069336 40.000000 861 861
40.063477 40.000000 873 873
40.005859 40.000000 988 988
39.970703 40.000000 1058 1058
39.951172 40.000000 1097 1097
39.988281 40.000000 1023 1023
40.024414 40.000000 951 951
40.030273 40.000000 939 939
40.048828 40.000000 902 902
40.048828 40.000000 902 902
40.051758 40.000000 896 896
40.030273 40.000000 939 939
40.005859 40.000000 988 988
40.002930 40.000000 994 994
39.937500 40.000000 1125 1125
39.966797 40.000000 1066 1066

39.944336 40.000000 1111 1111
39.936523 40.000000 1126 1126
39.963867 40.000000 1072 1072
40.011719 40.000000 976 976
40.031250 40.000000 937 937
40.062500 40.000000 875 875
40.104492 40.000000 791 791
40.097656 40.000000 804 804
40.086914 40.000000 826 826
40.109375 40.000000 781 781
40.096680 40.000000 806 806
40.053711 40.000000 892 892
40.039063 40.000000 921 921
40.031250 40.000000 937 937
39.997070 40.000000 1005 1005
39.992188 40.000000 1015 1015
39.988281 40.000000 1023 1023
40.005859 40.000000 988 988
40.054688 40.000000 890 890
40.082031 40.000000 835 835
40.083984 40.000000 832 832
40.109375 40.000000 781 781
40.090820 40.000000 818 818
40.075195 40.000000 849 849
40.074219 40.000000 851 851
40.048828 40.000000 902 902
40.040039 40.000000 919 919
40.023438 40.000000 953 953
40.027344 40.000000 945 945
39.992188 40.000000 1015 1015
39.990234 40.000000 1019 1019
40.047852 40.000000 904 904
40.051758 40.000000 896 896
40.048828 40.000000 902 902
40.116211 40.000000 767 767
40.073242 40.000000 853 853
40.084961 40.000000 830 830
40.088867 40.000000 822 822
40.040039 40.000000 919 919
40.082031 40.000000 835 835
40.051758 40.000000 896 896
40.057617 40.000000 884 884
40.060547 40.000000 878 878
40.032227 40.000000 935 935
40.028320 40.000000 943 943
39.985352 40.000000 1029 1029
40.023438 40.000000 953 953
39.974609 40.000000 1050 1050
40.019531 40.000000 960 960
40.058594 40.000000 882 882
40.090820 40.000000 818 818
40.112305 40.000000 775 775
40.118164 40.000000 763 763
40.155273 40.000000 689 689
40.112305 40.000000 775 775
40.080078 40.000000 839 839
39.987305 40.000000 1025 1025
39.967773 40.000000 1064 1064
39.975586 40.000000 1048 1048
39.949219 40.000000 1101 1101
39.955078 40.000000 1089 1089
40.022461 40.000000 955 955
40.099609 40.000000 800 800
40.204102 40.000000 591 591
40.222656 40.000000 554 554
40.230469 40.000000 539 539
40.250977 40.000000 498 498
40.232422 40.000000 535 535
40.251953 40.000000 496 496
40.217773 40.000000 564 564
40.203125 40.000000 593 593
40.203125 40.000000 593 593
40.205078 40.000000 589 589
40.205078 40.000000 589 589
40.189453 40.000000 621 621
40.153320 40.000000 693 693
40.101563 40.000000 796 796
40.065430 40.000000 869 869
39.985352 40.000000 1029 1029
39.984375 40.000000 1031 1031
39.976563 40.000000 1046 1046
39.924805 40.000000 1150 1150
39.942383 40.000000 1115 1115
39.937500 40.000000 1125 1125
39.927734 40.000000 1144 1144
39.911133 40.000000 1177 1177
39.933594 40.000000 1132 1132
39.946289 40.000000 1107 1107
39.945313 40.000000 1109 1109
39.932617 40.000000 1134 1134
39.974609 40.000000 1050 1050
39.992188 40.000000 1015 1015
40.033203 40.000000 933 933
40.083008 40.000000 833 833
40.148438 40.000000 703 703
40.178711 40.000000 642 642
40.172852 40.000000 654 654
40.167969 40.000000 664 664
40.153320 40.000000 693 693
40.157227 40.000000 685 685
40.164063 40.000000 671 671
40.156250 40.000000 687 687
40.167969 40.000000 664 664
40.155273 40.000000 689 689
40.144531 40.000000 710 710
40.139648 40.000000 720 720
40.070313 40.000000 859 859
40.052734 40.000000 894 894
40.045898 40.000000 908 908
40.011719 40.000000 976 976
40.024414 40.000000 951 951
40.041992 40.000000 916 916
40.106445 40.000000 787 787
40.121094 40.000000 757 757
40.142578 40.000000 714 714
40.138672 40.000000 722 722
40.161133 40.000000 677 677
40.166016 40.000000 667 667
40.165039 40.000000 669 669
40.182617 40.000000 634 634
40.174805 40.000000 650 650
40.152344 40.000000 695 695
40.158203 40.000000 683 683
40.147461 40.000000 705 705
40.116211 40.000000 767 767
40.066406 40.000000 867 867
40.069336 40.000000 861 861
40.061523 40.000000 876 876
40.045898 40.000000 908 908
40.041992 40.000000 916 916
40.019531 40.000000 960 960
40.041016 40.000000 917 917
40.066406 40.000000 867 867
40.105469 40.000000 789 789
40.156250 40.000000 687 687
40.177734 40.000000 644 644
40.172852 40.000000 654 654
40.190430 40.000000 619 619
40.199219 40.000000 601 601
40.199219 40.000000 601 601
40.241211 40.000000 517 517
40.165039 40.000000 669 669
40.181641 40.000000 636 636
40.166016 40.000000 667 667
40.160156 40.000000 679 679
40.152344 40.000000 695 695
40.126953 40.000000 746 746
40.143555 40.000000 712 712
40.147461 40.000000 705 705
40.161133 40.000000 677 677
40.133789 40.000000 732 732
40.116211 40.000000 767 767
40.126953 40.000000 746 746
40.149414 40.000000 701 701
40.143555 40.000000 712 712
40.116211 40.000000 767 767
40.125977 40.000000 748 748
40.131836 40.000000 736 736
40.135742 40.000000 728 728
40.138672 40.000000 722 722
40.123047 40.000000 753 753
40.119141 40.000000 761 761
40.147461 40.000000 705 705
40.126953 40.000000 746 746
40.090820 40.000000 818 818
40.096680 40.000000 806 806
40.071289 40.000000 857 857
40.116211 40.000000 767 767
40.078125 40.000000 843 843
40.105469 40.000000 789 789
40.131836 40.000000 736 736
40.138672 40.000000 722 722
40.126953 40.000000 746 746
40.125000 40.000000 750 750
40.122070 40.000000 755 755
40.125977 40.000000 748 748
40.127930 40.000000 744 744
40.135742 40.000000 728 728
40.126953 40.000000 746 746
40.123047 40.000000 753 753
40.067383 40.000000 865 865
39.976563 40.000000 1046 1046
39.966797 40.000000 1066 1066
39.968750 40.000000 1062 1062
40.035156 40.000000 929 929
40.053711 40.000000 892 892
40.112305 40.000000 775 775
40.149414 40.000000 701 701
40.194336 40.000000 611 611
40.181641 40.000000 636 636
40.232422 40.000000 535 535
40.212891 40.000000 574 574
40.224609 40.000000 550 550
40.178711 40.000000 642 642
40.134766 40.000000 730 730
40.118164 40.000000 763 763
40.053711 40.000000 892 892
40.006836 40.000000 986 986
39.985352 40.000000 1029 1029
40.013672 40.000000 972 972
40.033203 40.000000 933 933
40.099609 40.000000 800 800
40.146484 40.000000 707 707
40.185547 40.000000 628 628
40.183594 40.000000 632 632
40.211914 40.000000 576 576
40.224609 40.000000 550 550
40.207031 40.000000 585 585
40.176758 40.000000 646 646
40.147461 40.000000 705 705
40.142578 40.000000 714 714
40.123047 40.000000 753 753
40.113281 40.000000 773 773
40.126953 40.000000 746 746
40.118164 40.000000 763 763
40.096680 40.000000 806 806
40.091797 40.000000 816 816
40.054688 40.000000 890 890
40.069336 40.000000 861 861
40.066406 40.000000 867 867
40.125977 40.000000 748 748
40.139648 40.000000 720 720
40.139648 40.000000 720 720
40.123047 40.000000 753 753
40.148438 40.000000 703 703
40.168945 40.000000 662 662
40.165039 40.000000 669 669
40.155273 40.000000 689 689
40.123047 40.000000 753 753
40.113281 40.000000 773 773
40.073242 40.000000 853 853
40.049805 40.000000 900 900
40.061523 40.000000 876 876
40.061523 40.000000 876 876
40.114258 40.000000 771 771
40.162109 40.000000 675 675
40.192383 40.000000 615 615
40.208984 40.000000 582 582
40.181641 40.000000 636 636
40.255859 40.000000 488 488
40.224609 40.000000 550 550
40.205078 40.000000 589 589
40.200195 40.000000 599 599
40.169922 40.000000 660 660
40.090820 40.000000 818 818
40.052734 40.000000 894 894
40.023438 40.000000 953 953
40.010742 40.000000 978 978
40.026367 40.000000 947 947
40.020508 40.000000 958 958
40.037109 40.000000 925 925
40.083984 40.000000 832 832
40.112305 40.000000 775 775
40.166016 40.000000 667 667
40.168945 40.000000 662 662
40.200195 40.000000 599 599
40.186523 40.000000 626 626
40.208984 40.000000 582 582
40.194336 40.000000 611 611
40.186523 40.000000 626 626
40.138672 40.000000 722 722
40.148438 40.000000 703 703
40.109375 40.000000 781 781
40.108398 40.000000 783 783
40.104492 40.000000 791 791
40.057617 40.000000 884 884
40.051758 40.000000 896 896
40.131836 40.000000 736 736
40.162109 40.000000 675 675
40.134766 40.000000 730 730
40.158203 40.000000 683 683
40.172852 40.000000 654 654
40.196289 40.000000 607 607
40.196289 40.000000 607 607
40.199219 40.000000 601 601
40.151367 40.000000 697 697
40.095703 40.000000 808 808
40.049805 40.000000 900 900
40.057617 40.000000 884 884
40.022461 40.000000 955 955
39.980469 40.000000 1039 1039
40.011719 40.000000 976 976
40.058594 40.000000 882 882
40.074219 40.000000 851 851
40.103516 40.000000 792 792
40.094727 40.000000 810 810
40.119141 40.000000 761 761
40.114258 40.000000 771 771
40.096680 40.000000 806 806
40.133789 40.000000 732 732
40.152344 40.000000 695 695
40.140625 40.000000 718 718
40.191406 40.000000 617 617
40.196289 40.000000 607 607
40.208984 40.000000 582 582
40.224609 40.000000 550 550
40.215820 40.000000 568 568
40.195313 40.000000 609 609
40.186523 40.000000 626 626
40.187500 40.000000 625 625
40.235352 40.000000 529 529
40.222656 40.000000 554 554
40.241211 40.000000 517 517
40.281250 40.000000 437 437
40.254883 40.000000 490 490
40.247070 40.000000 505 505
40.216797 40.000000 566 566
40.220703 40.000000 558 558
40.212891 40.000000 574 574
40.220703 40.000000 558 558
40.235352 40.000000 529 529
40.239258 40.000000 521 521
40.194336 40.000000 611 611
40.219727 40.000000 560 560
40.228516 40.000000 542 542
40.244141 40.000000 511 511
40.260742 40.000000 478 478
40.256836 40.000000 486 486
40.234375 40.000000 531 531
40.207031 40.000000 585 585
40.153320 40.000000 693 693
40.160156 40.000000 679 679
40.095703 40.000000 808 808
40.041992 40.000000 916 916
40.036133 40.000000 927 927
40.018555 40.000000 962 962
40.041992 40.000000 916 916
40.010742 40.000000 978 978
40.030273 40.000000 939 939
40.045898 40.000000 908 908
40.095703 40.000000 808 808
40.131836 40.000000 736 736
40.194336 40.000000 611 611
40.183594 40.000000 632 632
40.210938 40.000000 578 578
40.221680 40.000000 556 556
40.228516 40.000000 542 542
40.230469 40.000000 539 539
40.264648 40.000000 470 470
40.278320 40.000000 443 443
40.247070 40.000000 505 505
40.226563 40.000000 546 546
40.166016 40.000000 667 667
40.164063 40.000000 671 671
40.133789 40.000000 732 732
40.119141 40.000000 761 761
40.116211 40.000000 767 767

40.133789 40.000000 732 732
40.136719 40.000000 726 726
40.169922 40.000000 660 660
40.205078 40.000000 589 589
40.151367 40.000000 697 697
40.125977 40.000000 748 748
40.127930 40.000000 744 744
40.049805 40.000000 900 900
40.086914 40.000000 826 826
40.084961 40.000000 830 830
40.130859 40.000000 738 738
40.143555 40.000000 712 712
40.110352 40.000000 779 779
40.143555 40.000000 712 712
40.164063 40.000000 671 671
40.142578 40.000000 714 714
40.191406 40.000000 617 617
40.177734 40.000000 644 644
40.144531 40.000000 710 710
40.174805 40.000000 650 650
40.178711 40.000000 642 642
40.079102 40.000000 841 841
40.112305 40.000000 775 775
40.094727 40.000000 810 810
40.091797 40.000000 816 816
40.117188 40.000000 765 765
40.134766 40.000000 730 730
40.151367 40.000000 697 697
40.155273 40.000000 689 689
40.116211 40.000000 767 767
40.133789 40.000000 732 732
40.147461 40.000000 705 705
40.176758 40.000000 646 646
40.200195 40.000000 599 599
40.210938 40.000000 578 578
40.226563 40.000000 546 546
40.205078 40.000000 589 589
40.185547 40.000000 628 628
40.194336 40.000000 611 611
40.173828 40.000000 652 652
40.167969 40.000000 664 664
40.190430 40.000000 619 619
40.152344 40.000000 695 695
40.131836 40.000000 736 736
40.139648 40.000000 720 720
40.162109 40.000000 675 675
40.168945 40.000000 662 662
40.157227 40.000000 685 685
40.147461 40.000000 705 705
40.101563 40.000000 796 796
40.067383 40.000000 865 865
40.066406 40.000000 867 867
40.044922 40.000000 910 910
40.074219 40.000000 851 851
40.057617 40.000000 884 884
40.056641 40.000000 886 886
40.095703 40.000000 808 808
40.073242 40.000000 853 853
40.080078 40.000000 839 839
40.083984 40.000000 832 832
40.071289 40.000000 857 857
40.086914 40.000000 826 826
40.067383 40.000000 865 865
40.114258 40.000000 771 771
40.133789 40.000000 732 732
40.147461 40.000000 705 705
40.136719 40.000000 726 726
40.119141 40.000000 761 761
40.097656 40.000000 804 804
40.027344 40.000000 945 945
40.002930 40.000000 994 994
40.048828 40.000000 902 902
40.057617 40.000000 884 884
40.071289 40.000000 857 857
40.057617 40.000000 884 884
40.092773 40.000000 814 814
40.105469 40.000000 789 789
40.106445 40.000000 787 787
40.119141 40.000000 761 761
40.127930 40.000000 744 744
40.105469 40.000000 789 789
40.095703 40.000000 808 808
40.114258 40.000000 771 771
40.084961 40.000000 830 830
40.094727 40.000000 810 810
40.149414 40.000000 701 701
40.148438 40.000000 703 703
40.190430 40.000000 619 619
40.210938 40.000000 578 578
40.239258 40.000000 521 521
40.239258 40.000000 521 521
40.251953 40.000000 496 496
40.232422 40.000000 535 535
40.216797 40.000000 566 566
40.168945 40.000000 662 662
40.143555 40.000000 712 712
40.126953 40.000000 746 746
40.144531 40.000000 710 710
40.126953 40.000000 746 746
40.151367 40.000000 697 697
40.113281 40.000000 773 773
40.152344 40.000000 695 695
40.153320 40.000000 693 693
40.090820 40.000000 818 818
40.123047 40.000000 753 753
40.103516 40.000000 792 792
40.122070 40.000000 755 755
40.136719 40.000000 726 726
40.155273 40.000000 689 689
40.172852 40.000000 654 654
40.142578 40.000000 714 714
40.189453 40.000000 621 621
40.208008 40.000000 583 583
40.182617 40.000000 634 634
40.198242 40.000000 603 603
40.185547 40.000000 628 628
40.170898 40.000000 658 658
40.153320 40.000000 693 693
40.122070 40.000000 755 755
40.173828 40.000000 652 652
40.189453 40.000000 621 621
40.199219 40.000000 601 601
40.190430 40.000000 619 619
40.151367 40.000000 697 697
40.126953 40.000000 746 746
40.148438 40.000000 703 703
40.114258 40.000000 771 771
40.142578 40.000000 714 714
40.146484 40.000000 707 707
40.176758 40.000000 646 646
40.187500 40.000000 625 625
40.196289 40.000000 607 607
40.194336 40.000000 611 611
40.239258 40.000000 521 521
40.235352 40.000000 529 529
40.216797 40.000000 566 566
40.226563 40.000000 546 546
40.185547 40.000000 628 628
40.140625 40.000000 718 718
40.121094 40.000000 757 757
40.100586 40.000000 798 798
40.117188 40.000000 765 765
40.129883 40.000000 740 740
40.164063 40.000000 671 671
40.169922 40.000000 660 660
40.199219 40.000000 601 601
40.194336 40.000000 611 611
40.140625 40.000000 718 718
40.161133 40.000000 677 677
40.168945 40.000000 662 662
40.186523 40.000000 626 626
40.177734 40.000000 644 644
40.207031 40.000000 585 585
40.220703 40.000000 558 558
40.201172 40.000000 597 597
40.194336 40.000000 611 611
40.153320 40.000000 693 693
40.104492 40.000000 791 791
40.097656 40.000000 804 804
40.118164 40.000000 763 763
40.099609 40.000000 800 800
40.084961 40.000000 830 830
40.146484 40.000000 707 707
40.127930 40.000000 744 744
40.143555 40.000000 712 712
40.147461 40.000000 705 705
40.105469 40.000000 789 789
40.119141 40.000000 761 761
40.056641 40.000000 886 886
40.070313 40.000000 859 859
40.084961 40.000000 830 830
40.119141 40.000000 761 761
40.148438 40.000000 703 703
40.195313 40.000000 609 609
40.221680 40.000000 556 556
40.229492 40.000000 541 541
40.221680 40.000000 556 556
40.194336 40.000000 611 611
40.164063 40.000000 671 671
40.096680 40.000000 806 806
40.043945 40.000000 912 912
40.022461 40.000000 955 955
40.057617 40.000000 884 884
40.026367 40.000000 947 947
40.039063 40.000000 921 921
40.099609 40.000000 800 800
40.170898 40.000000 658 658
40.196289 40.000000 607 607
40.221680 40.000000 556 556
40.251953 40.000000 496 496
40.237305 40.000000 525 525
40.247070 40.000000 505 505
40.226563 40.000000 546 546
40.205078 40.000000 589 589
40.176758 40.000000 646 646
40.158203 40.000000 683 683
40.109375 40.000000 781 781
40.126953 40.000000 746 746
40.090820 40.000000 818 818
40.118164 40.000000 763 763
40.097656 40.000000 804 804
40.160156 40.000000 679 679
40.149414 40.000000 701 701
40.125977 40.000000 748 748
40.139648 40.000000 720 720
40.101563 40.000000 796 796
40.091797 40.000000 816 816
40.094727 40.000000 810 810
40.058594 40.000000 882 882
40.104492 40.000000 791 791
40.112305 40.000000 775 775
40.118164 40.000000 763 763
40.156250 40.000000 687 687
40.238281 40.000000 523 523
40.208008 40.000000 583 583
40.251953 40.000000 496 496
40.250000 40.000000 500 500
40.262695 40.000000 474 474
40.277344 40.000000 445 445
40.306641 40.000000 386 386
40.301758 40.000000 396 396
40.280273 40.000000 439 439
40.247070 40.000000 505 505
40.242188 40.000000 515 515
40.199219 40.000000 601 601
40.198242 40.000000 603 603
40.142578 40.000000 714 714
40.138672 40.000000 722 722
40.116211 40.000000 767 767
40.105469 40.000000 789 789
40.131836 40.000000 736 736
40.157227 40.000000 685 685
40.149414 40.000000 701 701
40.161133 40.000000 677 677
40.148438 40.000000 703 703
40.194336 40.000000 611 611
40.224609 40.000000 550 550
40.239258 40.000000 521 521
40.219727 40.000000 560 560
40.243164 40.000000 513 513
40.224609 40.000000 550 550
40.199219 40.000000 601 601
40.172852 40.000000 654 654
40.142578 40.000000 714 714
40.096680 40.000000 806 806
40.113281 40.000000 773 773
40.121094 40.000000 757 757
40.112305 40.000000 775 775
40.082031 40.000000 835 835
40.105469 40.000000 789 789
40.143555 40.000000 712 712
40.165039 40.000000 669 669
40.190430 40.000000 619 619
40.229492 40.000000 541 541
40.191406 40.000000 617 617
40.195313 40.000000 609 609
40.205078 40.000000 589 589
40.153320 40.000000 693 693
40.179688 40.000000 640 640
40.158203 40.000000 683 683
40.142578 40.000000 714 714
40.164063 40.000000 671 671
40.187500 40.000000 625 625
40.167969 40.000000 664 664
40.173828 40.000000 652 652
40.147461 40.000000 705 705
40.083008 40.000000 833 833
40.083984 40.000000 832 832
40.047852 40.000000 904 904
40.080078 40.000000 839 839
40.146484 40.000000 707 707
40.168945 40.000000 662 662
40.179688 40.000000 640 640
40.221680 40.000000 556 556
40.273438 40.000000 453 453
40.242188 40.000000 515 515
40.275391 40.000000 449 449
40.239258 40.000000 521 521
40.253906 40.000000 492 492
40.203125 40.000000 593 593
40.167969 40.000000 664 664
40.133789 40.000000 732 732
40.088867 40.000000 822 822
40.095703 40.000000 808 808
40.047852 40.000000 904 904
40.053711 40.000000 892 892
40.067383 40.000000 865 865
40.113281 40.000000 773 773
40.108398 40.000000 783 783
40.099609 40.000000 800 800
40.058594 40.000000 882 882
40.013672 40.000000 972 972
40.087891 40.000000 824 824
40.189453 40.000000 621 621
40.238281 40.000000 523 523
40.204102 40.000000 591 591
40.166016 40.000000 667 667
40.226563 40.000000 546 546
40.280273 40.000000 439 439
40.333984 40.000000 332 332
40.306641 40.000000 386 386
40.284180 40.000000 431 431
40.250977 40.000000 498 498
40.235352 40.000000 529 529
40.191406 40.000000 617 617
40.198242 40.000000 603 603
40.135742 40.000000 728 728
40.097656 40.000000 804 804
40.071289 40.000000 857 857
40.067383 40.000000 865 865
40.116211 40.000000 767 767
40.125000 40.000000 750 750
40.155273 40.000000 689 689
40.125000 40.000000 750 750
40.190430 40.000000 619 619
40.211914 40.000000 576 576
40.199219 40.000000 601 601
40.211914 40.000000 576 576
40.243164 40.000000 513 513
40.238281 40.000000 523 523
40.239258 40.000000 521 521
40.260742 40.000000 478 478
40.301758 40.000000 396 396
40.277344 40.000000 445 445
40.285156 40.000000 429 429
40.284180 40.000000 431 431
40.251953 40.000000 496 496
40.185547 40.000000 628 628
40.190430 40.000000 619 619
40.173828 40.000000 652 652
40.161133 40.000000 677 677
40.192383 40.000000 615 615
40.221680 40.000000 556 556
40.192383 40.000000 615 615
40.222656 40.000000 554 554
40.219727 40.000000 560 560
40.292969 40.000000 414 414
40.333008 40.000000 333 333
40.314453 40.000000 371 371
40.285156 40.000000 429 429
40.302734 40.000000 394 394
40.190430 40.000000 619 619
40.185547 40.000000 628 628
40.185547 40.000000 628 628
40.192383 40.000000 615 615
40.168945 40.000000 662 662
40.160156 40.000000 679 679
40.091797 40.000000 816 816
40.086914 40.000000 826 826
40.105469 40.000000 789 789
40.058594 40.000000 882 882
40.138672 40.000000 722 722
40.155273 40.000000 689 689
40.166016 40.000000 667 667
40.201172 40.000000 597 597
40.244141 40.000000 511 511
40.248047 40.000000 503 503
40.230469 40.000000 539 539
40.216797 40.000000 566 566
40.203125 40.000000 593 593
40.170898 40.000000 658 658
40.151367 40.000000 697 697
40.101563 40.000000 796 796
40.095703 40.000000 808 808
40.057617 40.000000 884 884
40.103516 40.000000 792 792
40.076172 40.000000 847 847
40.134766 40.000000 730 730
40.158203 40.000000 683 683
40.151367 40.000000 697 697
40.173828 40.000000 652 652
40.187500 40.000000 625 625
40.179688 40.000000 640 640
40.199219 40.000000 601 601
40.211914 40.000000 576 576
40.182617 40.000000 634 634
40.156250 40.000000 687 687
40.147461 40.000000 705 705
40.113281 40.000000 773 773
40.112305 40.000000 775 775
40.067383 40.000000 865 865
40.101563 40.000000 796 796
40.125977 40.000000 748 748
40.117188 40.000000 765 765
40.146484 40.000000 707 707
40.148438 40.000000 703 703
40.186523 40.000000 626 626
40.225586 40.000000 548 548
40.199219 40.000000 601 601
40.241211 40.000000 517 517
40.212891 40.000000 574 574
40.281250 40.000000 437 437
40.258789 40.000000 482 482
40.282227 40.000000 435 435
40.275391 40.000000 449 449
40.297852 40.000000 404 404
40.284180 40.000000 431 431
40.287109 40.000000 425 425
40.281250 40.000000 437 437
40.248047 40.000000 503 503
40.238281 40.000000 523 523
40.168945 40.000000 662 662
40.152344 40.000000 695 695
40.153320 40.000000 693 693
40.149414 40.000000 701 701
40.133789 40.000000 732 732
40.168945 40.000000 662 662
40.134766 40.000000 730 730
40.196289 40.000000 607 607
40.228516 40.000000 542 542
40.211914 40.000000 576 576
40.208008 40.000000 583 583
40.208008 40.000000 583 583
40.241211 40.000000 517 517
40.246094 40.000000 507 507
40.232422 40.000000 535 535
40.253906 40.000000 492 492
40.259766 40.000000 480 480
40.225586 40.000000 548 548
40.213867 40.000000 572 572
40.182617 40.000000 634 634
40.119141 40.000000 761 761
40.118164 40.000000 763 763
40.165039 40.000000 669 669
40.181641 40.000000 636 636
40.200195 40.000000 599 599
40.232422 40.000000 535 535
40.243164 40.000000 513 513
40.211914 40.000000 576 576
40.208008 40.000000 583 583
40.194336 40.000000 611 611
40.158203 40.000000 683 683
40.129883 40.000000 740 740
40.105469 40.000000 789 789
40.090820 40.000000 818 818
40.088867 40.000000 822 822
40.100586 40.000000 798 798
40.105469 40.000000 789 789
40.105469 40.000000 789 789
40.136719 40.000000 726 726
40.164063 40.000000 671 671
40.183594 40.000000 632 632
40.198242 40.000000 603 603
40.189453 40.000000 621 621
40.185547 40.000000 628 628
40.149414 40.000000 701 701
40.104492 40.000000 791 791
40.069336 40.000000 861 861
40.011719 40.000000 976 976
40.036133 40.000000 927 927
40.079102 40.000000 841 841
40.165039 40.000000 669 669
40.250000 40.000000 500 500
40.247070 40.000000 505 505
40.280273 40.000000 439 439
40.258789 40.000000 482 482
40.237305 40.000000 525 525
40.208008 40.000000 583 583
40.195313 40.000000 609 609
40.143555 40.000000 712 712
40.125000 40.000000 750 750
40.121094 40.000000 757 757
40.146484 40.000000 707 707
40.147461 40.000000 705 705
40.224609 40.000000 550 550
40.161133 40.000000 677 677
40.208008 40.000000 583 583
40.179688 40.000000 640 640
40.131836 40.000000 736 736
40.108398 40.000000 783 783
40.053711 40.000000 892 892
40.065430 40.000000 869 869
40.075195 40.000000 849 849
40.088867 40.000000 822 822
40.075195 40.000000 849 849
40.116211 40.000000 767 767
40.126953 40.000000 746 746
40.134766 40.000000 730 730
40.106445 40.000000 787 787
40.119141 40.000000 761 761
40.121094 40.000000 757 757
40.155273 40.000000 689 689
40.186523 40.000000 626 626
40.187500 40.000000 625 625
40.191406 40.000000 617 617
40.207031 40.000000 585 585
40.211914 40.000000 576 576
40.265625 40.000000 468 468
40.243164 40.000000 513 513
40.250977 40.000000 498 498
40.226563 40.000000 546 546
40.262695 40.000000 474 474
40.250977 40.000000 498 498
40.251953 40.000000 496 496
40.244141 40.000000 511 511
40.176758 40.000000 646 646
40.158203 40.000000 683 683
40.134766 40.000000 730 730
40.121094 40.000000 757 757
40.129883 40.000000 740 740
40.126953 40.000000 746 746
40.187500 40.000000 625 625
40.153320 40.000000 693 693
40.172852 40.000000 654 654
40.149414 40.000000 701 701
40.143555 40.000000 712 712
40.101563 40.000000 796 796
40.061523 40.000000 876 876
40.057617 40.000000 884 884
40.116211 40.000000 767 767
40.148438 40.000000 703 703
40.199219 40.000000 601 601
40.200195 40.000000 599 599
40.222656 40.000000 554 554
40.248047 40.000000 503 503
40.192383 40.000000 615 615
40.062500 40.000000 875 875
40.019531 40.000000 960 960
40.065430 40.000000 869 869
40.122070 40.000000 755 755
40.135742 40.000000 728 728
40.157227 40.000000 685 685
40.167969 40.000000 664 664
40.153320 40.000000 693 693
40.143555 40.000000 712 712
40.125977 40.000000 748 748
40.164063 40.000000 671 671
40.203125 40.000000 593 593
40.195313 40.000000 609 609
40.173828 40.000000 652 652
40.208984 40.000000 582 582
40.241211 40.000000 517 517
40.233398 40.000000 533 533
40.250000 40.000000 500 500
40.292969 40.000000 414 414
40.259766 40.000000 480 480
40.244141 40.000000 511 511
40.264648 40.000000 470 470
40.232422 40.000000 535 535
40.191406 40.000000 617 617
40.176758 40.000000 646 646
40.186523 40.000000 626 626
40.204102 40.000000 591 591
40.192383 40.000000 615 615
40.242188 40.000000 515 515
40.244141 40.000000 511 511
40.246094 40.000000 507 507
40.263672 40.000000 472 472
40.273438 40.000000 453 453
40.224609 40.000000 550 550
40.186523 40.000000 626 626
40.205078 40.000000 589 589
40.158203 40.000000 683 683
40.160156 40.000000 679 679
40.174805 40.000000 650 650
40.205078 40.000000 589 589
40.200195 40.000000 599 599
40.183594 40.000000 632 632
40.177734 40.000000 644 644
40.144531 40.000000 710 710
40.136719 40.000000 726 726
40.049805 40.000000 900 900
40.011719 40.000000 976 976
40.047852 40.000000 904 904
40.052734 40.000000 894 894
40.044922 40.000000 910 910
40.080078 40.000000 839 839
40.165039 40.000000 669 669
40.187500 40.000000 625 625
40.243164 40.000000 513 513
40.272461 40.000000 455 455
40.250977 40.000000 498 498
40.221680 40.000000 556 556
40.192383 40.000000 615 615
40.142578 40.000000 714 714
40.092773 40.000000 814 814
40.087891 40.000000 824 824
40.105469 40.000000 789 789
40.147461 40.000000 705 705
40.155273 40.000000 689 689
40.161133 40.000000 677 677
40.148438 40.000000 703 703
40.125000 40.000000 750 750
40.146484 40.000000 707 707
40.142578 40.000000 714 714
40.208984 40.000000 582 582
40.225586 40.000000 548 548
40.210938 40.000000 578 578
40.259766 40.000000 480 480
40.250000 40.000000 500 500
40.250977 40.000000 498 498
40.246094 40.000000 507 507
40.190430 40.000000 619 619
40.205078 40.000000 589 589
40.198242 40.000000 603 603
40.177734 40.000000 644 644
40.084961 40.000000 830 830
40.044922 40.000000 910 910
40.057617 40.000000 884 884
40.071289 40.000000 857 857
40.080078 40.000000 839 839
40.116211 40.000000 767 767
40.131836 40.000000 736 736
40.166016 40.000000 667 667
40.192383 40.000000 615 615
40.210938 40.000000 578 578
40.244141 40.000000 511 511
40.265625 40.000000 468 468
40.241211 40.000000 517 517
40.178711 40.000000 642 642
40.182617 40.000000 634 634
40.203125 40.000000 593 593
40.241211 40.000000 517 517
40.281250 40.000000 437 437
40.272461 40.000000 455 455
40.222656 40.000000 554 554
40.222656 40.000000 554 554
40.208984 40.000000 582 582
40.114258 40.000000 771 771
40.138672 40.000000 722 722
40.147461 40.000000 705 705
40.138672 40.000000 722 722
40.148438 40.000000 703 703
40.165039 40.000000 669 669
40.189453 40.000000 621 621
40.220703 40.000000 558 558
40.232422 40.000000 535 535
40.235352 40.000000 529 529
40.225586 40.000000 548 548
40.217773 40.000000 564 564
40.195313 40.000000 609 609
40.170898 40.000000 658 658
40.176758 40.000000 646 646
40.108398 40.000000 783 783
40.067383 40.000000 865 865
40.049805 40.000000 900 900
40.094727 40.000000 810 810
40.074219 40.000000 851 851
40.079102 40.000000 841 841
40.083008 40.000000 833 833
40.079102 40.000000 841 841
40.071289 40.000000 857 857
40.125977 40.000000 748 748
40.162109 40.000000 675 675
40.229492 40.000000 541 541
40.222656 40.000000 554 554
40.267578 40.000000 464 464
40.264648 40.000000 470 470
40.292969 40.000000 414 414
40.215820 40.000000 568 568
40.221680 40.000000 556 556
40.192383 40.000000 615 615
40.204102 40.000000 591 591
40.241211 40.000000 517 517
40.253906 40.000000 492 492
40.207031 40.000000 585 585
40.244141 40.000000 511 511
40.237305 40.000000 525 525
40.199219 40.000000 601 601
40.187500 40.000000 625 625
40.203125 40.000000 593 593
40.200195 40.000000 599 599
40.201172 40.000000 597 597
40.213867 40.000000 572 572
40.232422 40.000000 535 535
40.211914 40.000000 576 576
40.213867 40.000000 572 572
40.169922 40.000000 660 660
40.157227 40.000000 685 685
40.069336 40.000000 861 861
40.058594 40.000000 882 882
40.047852 40.000000 904 904
40.092773 40.000000 814 814
40.134766 40.000000 730 730
40.162109 40.000000 675 675
40.142578 40.000000 714 714
40.172852 40.000000 654 654
40.157227 40.000000 685 685
40.186523 40.000000 626 626
40.199219 40.000000 601 601
40.200195 40.000000 599 599
40.256836 40.000000 486 486
40.286133 40.000000 427 427
40.241211 40.000000 517 517
40.217773 40.000000 564 564
40.212891 40.000000 574 574
40.168945 40.000000 662 662
40.122070 40.000000 755 755
40.110352 40.000000 779 779
40.090820 40.000000 818 818
40.133789 40.000000 732 732
40.136719 40.000000 726 726
40.147461 40.000000 705 705
40.109375 40.000000 781 781
40.131836 40.000000 736 736
40.134766 40.000000 730 730
40.131836 40.000000 736 736
40.160156 40.000000 679 679
40.167969 40.000000 664 664
40.173828 40.000000 652 652
40.237305 40.000000 525 525
40.215820 40.000000 568 568
40.215820 40.000000 568 568
40.232422 40.000000 535 535
40.216797 40.000000 566 566
40.187500 40.000000 625 625
40.161133 40.000000 677 677
40.157227 40.000000 685 685
40.158203 40.000000 683 683
40.174805 40.000000 650 650
40.191406 40.000000 617 617
40.194336 40.000000 611 611
40.182617 40.000000 634 634
40.144531 40.000000 710 710
40.151367 40.000000 697 697
40.091797 40.000000 816 816
40.125977 40.000000 748 748
40.101563 40.000000 796 796
40.117188 40.000000 765 765
40.167969 40.000000 664 664
40.182617 40.000000 634 634
40.166016 40.000000 667 667
40.147461 40.000000 705 705
40.114258 40.000000 771 771
40.099609 40.000000 800 800
40.122070 40.000000 755 755
40.094727 40.000000 810 810
40.155273 40.000000 689 689
40.161133 40.000000 677 677
40.169922 40.000000 660 660
40.235352 40.000000 529 529
40.233398 40.000000 533 533
40.228516 40.000000 542 542
40.194336 40.000000 611 611
40.182617 40.000000 634 634
40.173828 40.000000 652 652
40.177734 40.000000 644 644
40.146484 40.000000 707 707
40.125000 40.000000 750 750
40.147461 40.000000 705 705
40.194336 40.000000 611 611
40.213867 40.000000 572 572
40.241211 40.000000 517 517
40.242188 40.000000 515 515
40.243164 40.000000 513 513
40.255859 40.000000 488 488
40.285156 40.000000 429 429
40.272461 40.000000 455 455
40.301758 40.000000 396 396
40.268555 40.000000 462 462
40.229492 40.000000 541 541
40.226563 40.000000 546 546
40.212891 40.000000 574 574
40.220703 40.000000 558 558
40.256836 40.000000 486 486
40.226563 40.000000 546 546
40.250977 40.000000 498 498
40.213867 40.000000 572 572
40.168945 40.000000 662 662
40.151367 40.000000 697 697
40.113281 40.000000 773 773
40.083984 40.000000 832 832
40.087891 40.000000 824 824
40.119141 40.000000 761 761
40.095703 40.000000 808 808
40.122070 40.000000 755 755
40.151367 40.000000 697 697
40.162109 40.000000 675 675
40.148438 40.000000 703 703
40.205078 40.000000 589 589
40.230469 40.000000 539 539
40.230469 40.000000 539 539
40.275391 40.000000 449 449
40.259766 40.000000 480 480
40.259766 40.000000 480 480
40.285156 40.000000 429 429
40.284180 40.000000 431 431
40.310547 40.000000 378 378
40.271484 40.000000 457 457
40.233398 40.000000 533 533
40.224609 40.000000 550 550
40.247070 40.000000 505 505
40.199219 40.000000 601 601
40.153320 40.000000 693 693
40.099609 40.000000 800 800
40.106445 40.000000 787 787
40.122070 40.000000 755 755
40.143555 40.000000 712 712
40.119141 40.000000 761 761
40.114258 40.000000 771 771
40.079102 40.000000 841 841
40.080078 40.000000 839 839
40.082031 40.000000 835 835
40.129883 40.000000 740 740
40.181641 40.000000 636 636
40.224609 40.000000 550 550
40.248047 40.000000 503 503
40.298828 40.000000 402 402
40.305664 40.000000 388 388
40.316406 40.000000 367 367
40.292969 40.000000 414 414
40.269531 40.000000 460 460
40.234375 40.000000 531 531
40.172852 40.000000 654 654
40.167969 40.000000 664 664
40.133789 40.000000 732 732
40.118164 40.000000 763 763
40.113281 40.000000 773 773
40.105469 40.000000 789 789
40.080078 40.000000 839 839
40.104492 40.000000 791 791
40.167969 40.000000 664 664
40.221680 40.000000 556 556
40.242188 40.000000 515 515
40.262695 40.000000 474 474
40.250000 40.000000 500 500
40.242188 40.000000 515 515
40.233398 40.000000 533 533
40.178711 40.000000 642 642
40.174805 40.000000 650 650
40.142578 40.000000 714 714
40.129883 40.000000 740 740
40.097656 40.000000 804 804
40.109375 40.000000 781 781
40.113281 40.000000 773 773
40.127930 40.000000 744 744
40.101563 40.000000 796 796
40.053711 40.000000 892 892
40.076172 40.000000 847 847
40.114258 40.000000 771 771
40.151367 40.000000 697 697
40.131836 40.000000 736 736
40.131836 40.000000 736 736
40.125977 40.000000 748 748
40.168945 40.000000 662 662
40.182617 40.000000 634 634
40.243164 40.000000 513 513
40.294922 40.000000 410 410
40.289063 40.000000 421 421
40.267578 40.000000 464 464
40.232422 40.000000 535 535
40.200195 40.000000 599 599
40.232422 40.000000 535 535
40.178711 40.000000 642 642
40.153320 40.000000 693 693
40.116211 40.000000 767 767
40.026367 40.000000 947 947
40.056641 40.000000 886 886
40.090820 40.000000 818 818
40.090820 40.000000 818 818
40.146484 40.000000 707 707
40.203125 40.000000 593 593
40.167969 40.000000 664 664
40.155273 40.000000 689 689
40.100586 40.000000 798 798
40.099609 40.000000 800 800
40.082031 40.000000 835 835
40.119141 40.000000 761 761
40.122070 40.000000 755 755
40.160156 40.000000 679 679
40.165039 40.000000 669 669
40.134766 40.000000 730 730
40.166016 40.000000 667 667
40.123047 40.000000 753 753
40.114258 40.000000 771 771
40.144531 40.000000 710 710
40.160156 40.000000 679 679
40.148438 40.000000 703 703
40.169922 40.000000 660 660
40.203125 40.000000 593 593
40.207031 40.000000 585 585
40.201172 40.000000 597 597
40.161133 40.000000 677 677
40.135742 40.000000 728 728
40.126953 40.000000 746 746
40.148438 40.000000 703 703
40.157227 40.000000 685 685
40.144531 40.000000 710 710
40.131836 40.000000 736 736

40.174805 40.000000 650 650
40.201172 40.000000 597 597
40.267578 40.000000 464 464
40.251953 40.000000 496 496
40.253906 40.000000 492 492
40.263672 40.000000 472 472
40.224609 40.000000 550 550
40.224609 40.000000 550 550
40.186523 40.000000 626 626
40.191406 40.000000 617 617
40.210938 40.000000 578 578
40.224609 40.000000 550 550
40.226563 40.000000 546 546
40.264648 40.000000 470 470
40.287109 40.000000 425 425
40.260742 40.000000 478 478
40.253906 40.000000 492 492
40.200195 40.000000 599 599
40.186523 40.000000 626 626
40.183594 40.000000 632 632
40.189453 40.000000 621 621
40.176758 40.000000 646 646
40.203125 40.000000 593 593
40.220703 40.000000 558 558
40.216797 40.000000 566 566
40.226563 40.000000 546 546
40.177734 40.000000 644 644
40.169922 40.000000 660 660
40.157227 40.000000 685 685
40.110352 40.000000 779 779
40.117188 40.000000 765 765
40.078125 40.000000 843 843
40.069336 40.000000 861 861
40.083984 40.000000 832 832
40.099609 40.000000 800 800
40.167969 40.000000 664 664
40.169922 40.000000 660 660
40.179688 40.000000 640 640
40.228516 40.000000 542 542
40.229492 40.000000 541 541
40.203125 40.000000 593 593
40.210938 40.000000 578 578
40.174805 40.000000 650 650
40.142578 40.000000 714 714
40.123047 40.000000 753 753
40.121094 40.000000 757 757
40.147461 40.000000 705 705
40.127930 40.000000 744 744
40.140625 40.000000 718 718
40.104492 40.000000 791 791
40.114258 40.000000 771 771
40.096680 40.000000 806 806
40.108398 40.000000 783 783
40.094727 40.000000 810 810
40.130859 40.000000 738 738
40.196289 40.000000 607 607
40.153320 40.000000 693 693
40.166016 40.000000 667 667
40.183594 40.000000 632 632
40.174805 40.000000 650 650
40.208984 40.000000 582 582
40.204102 40.000000 591 591
40.233398 40.000000 533 533
40.248047 40.000000 503 503
40.213867 40.000000 572 572
40.203125 40.000000 593 593
40.146484 40.000000 707 707
40.167969 40.000000 664 664
40.144531 40.000000 710 710
40.186523 40.000000 626 626
40.151367 40.000000 697 697
40.181641 40.000000 636 636
40.187500 40.000000 625 625
40.228516 40.000000 542 542
40.221680 40.000000 556 556
40.262695 40.000000 474 474
40.281250 40.000000 437 437
40.285156 40.000000 429 429
40.296875 40.000000 406 406
40.269531 40.000000 460 460
40.253906 40.000000 492 492
40.212891 40.000000 574 574
40.203125 40.000000 593 593
40.191406 40.000000 617 617
40.136719 40.000000 726 726
40.129883 40.000000 740 740
40.130859 40.000000 738 738
40.133789 40.000000 732 732
40.126953 40.000000 746 746
40.177734 40.000000 644 644
40.185547 40.000000 628 628
40.199219 40.000000 601 601
40.221680 40.000000 556 556
40.216797 40.000000 566 566
40.208008 40.000000 583 583
40.268555 40.000000 462 462
40.290039 40.000000 419 419
40.310547 40.000000 378 378
40.275391 40.000000 449 449
40.259766 40.000000 480 480
40.241211 40.000000 517 517
40.200195 40.000000 599 599
40.185547 40.000000 628 628
40.144531 40.000000 710 710
40.125977 40.000000 748 748
40.118164 40.000000 763 763
40.135742 40.000000 728 728
40.096680 40.000000 806 806
40.174805 40.000000 650 650
40.131836 40.000000 736 736
40.200195 40.000000 599 599
40.219727 40.000000 560 560
40.229492 40.000000 541 541
40.259766 40.000000 480 480
40.272461 40.000000 455 455
40.277344 40.000000 445 445
40.259766 40.000000 480 480
40.275391 40.000000 449 449
40.250000 40.000000 500 500
40.204102 40.000000 591 591
40.199219 40.000000 601 601
40.151367 40.000000 697 697
40.138672 40.000000 722 722
40.135742 40.000000 728 728
40.125000 40.000000 750 750
40.126953 40.000000 746 746
40.172852 40.000000 654 654
40.176758 40.000000 646 646
40.165039 40.000000 669 669
40.235352 40.000000 529 529
40.213867 40.000000 572 572
40.272461 40.000000 455 455
40.272461 40.000000 455 455
40.276367 40.000000 447 447
40.291016 40.000000 417 417
40.264648 40.000000 470 470
40.286133 40.000000 427 427
40.238281 40.000000 523 523
40.235352 40.000000 529 529
40.195313 40.000000 609 609
40.168945 40.000000 662 662
40.127930 40.000000 744 744
40.061523 40.000000 876 876
40.065430 40.000000 869 869
40.062500 40.000000 875 875
40.113281 40.000000 773 773
40.121094 40.000000 757 757
40.144531 40.000000 710 710
40.166016 40.000000 667 667
40.190430 40.000000 619 619
40.166016 40.000000 667 667
40.146484 40.000000 707 707
40.117188 40.000000 765 765
40.092773 40.000000 814 814
40.086914 40.000000 826 826
40.094727 40.000000 810 810
40.113281 40.000000 773 773
40.131836 40.000000 736 736
40.149414 40.000000 701 701
40.162109 40.000000 675 675
40.173828 40.000000 652 652
40.178711 40.000000 642 642
40.226563 40.000000 546 546
40.258789 40.000000 482 482
40.239258 40.000000 521 521
40.216797 40.000000 566 566
40.190430 40.000000 619 619
40.148438 40.000000 703 703
40.113281 40.000000 773 773
40.087891 40.000000 824 824
40.062500 40.000000 875 875
40.063477 40.000000 873 873
40.094727 40.000000 810 810
40.130859 40.000000 738 738
40.211914 40.000000 576 576
40.213867 40.000000 572 572
40.253906 40.000000 492 492
40.253906 40.000000 492 492
40.272461 40.000000 455 455
40.239258 40.000000 521 521
40.226563 40.000000 546 546
40.213867 40.000000 572 572
40.169922 40.000000 660 660
40.149414 40.000000 701 701
40.147461 40.000000 705 705
40.118164 40.000000 763 763
40.092773 40.000000 814 814
40.125977 40.000000 748 748
40.125000 40.000000 750 750
40.094727 40.000000 810 810
40.094727 40.000000 810 810
40.116211 40.000000 767 767
40.110352 40.000000 779 779
40.097656 40.000000 804 804
40.103516 40.000000 792 792
40.112305 40.000000 775 775
40.165039 40.000000 669 669
40.147461 40.000000 705 705
40.215820 40.000000 568 568
40.219727 40.000000 560 560
40.203125 40.000000 593 593
40.242188 40.000000 515 515
40.205078 40.000000 589 589
40.176758 40.000000 646 646
40.152344 40.000000 695 695
40.110352 40.000000 779 779
40.113281 40.000000 773 773
40.083008 40.000000 833 833
40.084961 40.000000 830 830
40.116211 40.000000 767 767
40.133789 40.000000 732 732
40.131836 40.000000 736 736
40.173828 40.000000 652 652
40.149414 40.000000 701 701
40.148438 40.000000 703 703
40.099609 40.000000 800 800
40.097656 40.000000 804 804
40.097656 40.000000 804 804
40.109375 40.000000 781 781
40.119141 40.000000 761 761
40.144531 40.000000 710 710
40.147461 40.000000 705 705
40.160156 40.000000 679 679
40.142578 40.000000 714 714
40.123047 40.000000 753 753
40.058594 40.000000 882 882
40.091797 40.000000 816 816
40.079102 40.000000 841 841
40.044922 40.000000 910 910
40.045898 40.000000 908 908
40.088867 40.000000 822 822
40.095703 40.000000 808 808
40.129883 40.000000 740 740
40.135742 40.000000 728 728
40.151367 40.000000 697 697
40.170898 40.000000 658 658
40.212891 40.000000 574 574
40.244141 40.000000 511 511
40.273438 40.000000 453 453
40.251953 40.000000 496 496
40.264648 40.000000 470 470
40.222656 40.000000 554 554
40.216797 40.000000 566 566
40.196289 40.000000 607 607
40.246094 40.000000 507 507
40.204102 40.000000 591 591
40.234375 40.000000 531 531
40.271484 40.000000 457 457
40.268555 40.000000 462 462
40.290039 40.000000 419 419
40.284180 40.000000 431 431
40.269531 40.000000 460 460
40.310547 40.000000 378 378
40.294922 40.000000 410 410
40.297852 40.000000 404 404
40.328125 40.000000 343 343
40.316406 40.000000 367 367
40.264648 40.000000 470 470
40.205078 40.000000 589 589
40.174805 40.000000 650 650
40.113281 40.000000 773 773
40.119141 40.000000 761 761
40.063477 40.000000 873 873
40.123047 40.000000 753 753
40.133789 40.000000 732 732
40.176758 40.000000 646 646
40.207031 40.000000 585 585
40.251953 40.000000 496 496
40.260742 40.000000 478 478
40.239258 40.000000 521 521
40.284180 40.000000 431 431
40.233398 40.000000 533 533
40.217773 40.000000 564 564
40.211914 40.000000 576 576
40.167969 40.000000 664 664
40.144531 40.000000 710 710
40.112305 40.000000 775 775
40.066406 40.000000 867 867
40.083984 40.000000 832 832
40.118164 40.000000 763 763
40.108398 40.000000 783 783
40.143555 40.000000 712 712
40.189453 40.000000 621 621
40.178711 40.000000 642 642
40.247070 40.000000 505 505
40.234375 40.000000 531 531
40.241211 40.000000 517 517
40.207031 40.000000 585 585
40.205078 40.000000 589 589
40.161133 40.000000 677 677
40.152344 40.000000 695 695
40.122070 40.000000 755 755
40.105469 40.000000 789 789
40.101563 40.000000 796 796
40.122070 40.000000 755 755
40.142578 40.000000 714 714
40.119141 40.000000 761 761
40.125000 40.000000 750 750
40.130859 40.000000 738 738
40.113281 40.000000 773 773
40.172852 40.000000 654 654
40.156250 40.000000 687 687
40.203125 40.000000 593 593
40.221680 40.000000 556 556
40.241211 40.000000 517 517
40.247070 40.000000 505 505
40.264648 40.000000 470 470
40.287109 40.000000 425 425
40.292969 40.000000 414 414
40.220703 40.000000 558 558
40.244141 40.000000 511 511
40.199219 40.000000 601 601
40.142578 40.000000 714 714
40.182617 40.000000 634 634
40.147461 40.000000 705 705
40.156250 40.000000 687 687
40.185547 40.000000 628 628
40.224609 40.000000 550 550
40.242188 40.000000 515 515
40.243164 40.000000 513 513
40.243164 40.000000 513 513
40.292969 40.000000 414 414
40.286133 40.000000 427 427
40.297852 40.000000 404 404
40.276367 40.000000 447 447
40.259766 40.000000 480 480
40.251953 40.000000 496 496
40.215820 40.000000 568 568
40.215820 40.000000 568 568
40.177734 40.000000 644 644
40.164063 40.000000 671 671
40.127930 40.000000 744 744
40.103516 40.000000 792 792
40.106445 40.000000 787 787
40.094727 40.000000 810 810
40.096680 40.000000 806 806
40.114258 40.000000 771 771
40.173828 40.000000 652 652
40.190430 40.000000 619 619
40.210938 40.000000 578 578
40.208008 40.000000 583 583
40.157227 40.000000 685 685
40.114258 40.000000 771 771
40.071289 40.000000 857 857
40.110352 40.000000 779 779
40.071289 40.000000 857 857
40.117188 40.000000 765 765
40.131836 40.000000 736 736
40.151367 40.000000 697 697
40.190430 40.000000 619 619
40.215820 40.000000 568 568
40.246094 40.000000 507 507
40.219727 40.000000 560 560
40.199219 40.000000 601 601
40.196289 40.000000 607 607
40.189453 40.000000 621 621
40.140625 40.000000 718 718
40.123047 40.000000 753 753
40.143555 40.000000 712 712
40.166016 40.000000 667 667
40.173828 40.000000 652 652
40.190430 40.000000 619 619
40.203125 40.000000 593 593
40.211914 40.000000 576 576
40.182617 40.000000 634 634
40.201172 40.000000 597 597
40.196289 40.000000 607 607
40.131836 40.000000 736 736
40.133789 40.000000 732 732
40.125000 40.000000 750 750
40.113281 40.000000 773 773
40.156250 40.000000 687 687
40.192383 40.000000 615 615
40.156250 40.000000 687 687
40.224609 40.000000 550 550
40.203125 40.000000 593 593
40.168945 40.000000 662 662
40.149414 40.000000 701 701
40.125977 40.000000 748 748
40.166016 40.000000 667 667
40.161133 40.000000 677 677
40.192383 40.000000 615 615
40.148438 40.000000 703 703
40.133789 40.000000 732 732
40.122070 40.000000 755 755
40.099609 40.000000 800 800
40.069336 40.000000 861 861
40.069336 40.000000 861 861
40.092773 40.000000 814 814
40.110352 40.000000 779 779
40.144531 40.000000 710 710
40.131836 40.000000 736 736
40.185547 40.000000 628 628
40.250000 40.000000 500 500
40.247070 40.000000 505 505
40.207031 40.000000 585 585
40.194336 40.000000 611 611
40.194336 40.000000 611 611
40.182617 40.000000 634 634
40.125977 40.000000 748 748
40.121094 40.000000 757 757
40.088867 40.000000 822 822
40.121094 40.000000 757 757
40.109375 40.000000 781 781
40.091797 40.000000 816 816
40.100586 40.000000 798 798
40.131836 40.000000 736 736
