29.980469 40.000000 5007 5007
30.175781 40.000000 4929 4929
30.559570 40.000000 4776 4776
31.031250 40.000000 4587 4587
31.527344 40.000000 4389 4389
32.055664 40.000000 4177 4177
32.589844 40.000000 3964 3964
33.083008 40.000000 3766 3766
33.554688 40.000000 3578 3578
33.969727 40.000000 3412 3412
34.356445 40.000000 3257 3257
34.751953 40.000000 3099 3099
35.102539 40.000000 2958 2958
35.456055 40.000000 2817 2817
35.718750 40.000000 2712 2712
36.010742 40.000000 2595 2595
36.230469 40.000000 2507 2507
36.459961 40.000000 2416 2416
36.677734 40.000000 2328 2328
36.781250 40.000000 2287 2287
36.954102 40.000000 2218 2218
37.081055 40.000000 2167 2167
37.245117 40.000000 2101 2101
37.386719 40.000000 2045 2045
37.476563 40.000000 2009 2009
37.614258 40.000000 1954 1954
37.739258 40.000000 1904 1904
37.875977 40.000000 1849 1849
37.899414 40.000000 1840 1840
37.988281 40.000000 1804 1804
38.086914 40.000000 1765 1765
38.169922 40.000000 1732 1732
38.273438 40.000000 1690 1690
38.338867 40.000000 1664 1664
38.450195 40.000000 1619 1619
38.506836 40.000000 1597 1597
38.551758 40.000000 1579 1579
38.562500 40.000000 1575 1575
38.625977 40.000000 1549 1549
38.608398 40.000000 1556 1556
38.620117 40.000000 1551 1551
38.660156 40.000000 1535 1535
38.723633 40.000000 1510 1510
38.720703 40.000000 1511 1511
38.703125 40.000000 1518 1518
38.678711 40.000000 1528 1528
38.632813 40.000000 1546 1546
38.676758 40.000000 1529 1529
38.652344 40.000000 1539 1539
38.684570 40.000000 1526 1526
38.737305 40.000000 1505 1505
38.749023 40.000000 1500 1500
38.750977 40.000000 1499 1499
38.699219 40.000000 1520 1520
38.721680 40.000000 1511 1511
38.710938 40.000000 1515 1515
38.690430 40.000000 1523 1523
38.712891 40.000000 1514 1514
38.749023 40.000000 1500 1500
38.727539 40.000000 1508 1508
38.734375 40.000000 1506 1506
38.755859 40.000000 1497 1497
38.773438 40.000000 1490 1490
38.840820 40.000000 1463 1463
38.887695 40.000000 1444 1444
38.920898 40.000000 1431 1431
39.018555 40.000000 1392 1392
39.040039 40.000000 1383 1383
39.106445 40.000000 1357 1357
39.164063 40.000000 1334 1334
39.203125 40.000000 1318 1318
39.197266 40.000000 1321 1321
39.189453 40.000000 1324 1324
39.193359 40.000000 1322 1322
39.194336 40.000000 1322 1322
39.202148 40.000000 1319 1319
39.193359 40.000000 1322 1322
39.188477 40.000000 1324 1324
39.222656 40.000000 1310 1310
39.245117 40.000000 1301 1301
39.245117 40.000000 1301 1301
39.270508 40.000000 1291 1291
39.303711 40.000000 1278 1278
39.312500 40.000000 1275 1275
39.321289 40.000000 1271 1271
39.323242 40.000000 1270 1270
39.358398 40.000000 1256 1256
39.430664 40.000000 1227 1227
39.480469 40.000000 1207 1207
39.510742 40.000000 1195 1195
39.540039 40.000000 1183 1183
39.542969 40.000000 1182 1182
39.546875 40.000000 1181 1181
39.510742 40.000000 1195 1195
39.524414 40.000000 1190 1190
39.538086 40.000000 1184 1184
39.620117 40.000000 1151 1151
39.616211 40.000000 1153 1153
39.661133 40.000000 1135 1135
39.620117 40.000000 1151 1151
39.656250 40.000000 1137 1137
39.656250 40.000000 1137 1137
39.696289 40.000000 1121 1121
39.705078 40.000000 1117 1117
39.708984 40.000000 1116 1116
39.708008 40.000000 1116 1116
39.759766 40.000000 1096 1096
39.759766 40.000000 1096 1096
39.790039 40.000000 1083 1083
39.775391 40.000000 1089 1089
39.808594 40.000000 1076 1076
39.847656 40.000000 1060 1060
39.825195 40.000000 1069 1069
39.873047 40.000000 1050 1050
39.876953 40.000000 1049 1049
39.901367 40.000000 1039 1039
39.876953 40.000000 1049 1049
39.902344 40.000000 1039 1039
39.951172 40.000000 1019 1019
39.956055 40.000000 1017 1017
39.966797 40.000000 1013 1013
39.999023 40.000000 1000 1000
40.030273 40.000000 987 987
40.026367 40.000000 989 989
40.010742 40.000000 995 995
39.938477 40.000000 1024 1024
39.924805 40.000000 1030 1030
39.915039 40.000000 1033 1033
39.876953 40.000000 1049 1049
39.809570 40.000000 1076 1076
39.855469 40.000000 1057 1057
39.808594 40.000000 1076 1076
39.836914 40.000000 1065 1065
39.806641 40.000000 1077 1077
39.799805 40.000000 1080 1080
39.836914 40.000000 1065 1065
39.861328 40.000000 1055 1055
39.854492 40.000000 1058 1058
39.932617 40.000000 1026 1026
39.920898 40.000000 1031 1031
39.877930 40.000000 1048 1048
39.958984 40.000000 1016 1016
39.925781 40.000000 1029 1029
39.888672 40.000000 1044 1044
39.901367 40.000000 1039 1039
39.867188 40.000000 1053 1053
39.874023 40.000000 1050 1050
39.867188 40.000000 1053 1053
39.880859 40.000000 1047 1047
39.925781 40.000000 1029 1029
39.911133 40.000000 1035 1035
39.946289 40.000000 1021 1021
39.971680 40.000000 1011 1011
40.008789 40.000000 996 996
40.031250 40.000000 987 987
40.035156 40.000000 985 985
40.087891 40.000000 964 964
40.101563 40.000000 959 959
40.152344 40.000000 939 939
40.136719 40.000000 945 945
40.170898 40.000000 931 931
40.199219 40.000000 920 920
40.189453 40.000000 924 924
40.182617 40.000000 926 926
40.173828 40.000000 930 930
40.156250 40.000000 937 937
40.138672 40.000000 944 944
40.100586 40.000000 959 959
40.082031 40.000000 967 967
40.052734 40.000000 978 978
40.057617 40.000000 976 976
40.020508 40.000000 991 991
39.985352 40.000000 1005 1005
40.010742 40.000000 995 995
39.985352 40.000000 1005 1005
40.019531 40.000000 992 992
40.028320 40.000000 988 988
40.053711 40.000000 978 978
40.044922 40.000000 982 982
40.051758 40.000000 979 979
40.079102 40.000000 968 968
40.109375 40.000000 956 956
40.162109 40.000000 935 935
40.177734 40.000000 928 928
40.194336 40.000000 922 922
40.238281 40.000000 904 904
40.234375 40.000000 906 906
40.241211 40.000000 903 903
40.220703 40.000000 911 911
40.259766 40.000000 896 896
40.182617 40.000000 926 926
40.217773 40.000000 912 912
40.278320 40.000000 888 888
40.292969 40.000000 882 882
40.413086 40.000000 834 834
40.419922 40.000000 832 832
40.471680 40.000000 811 811
40.483398 40.000000 806 806
40.441406 40.000000 823 823
40.437500 40.000000 825 825
40.416016 40.000000 833 833
40.393555 40.000000 842 842
40.359375 40.000000 856 856
40.355469 40.000000 857 857
40.293945 40.000000 882 882
40.183594 40.000000 926 926
40.166016 40.000000 933 933
40.208984 40.000000 916 916
40.198242 40.000000 920 920
40.198242 40.000000 920 920
40.203125 40.000000 918 918
40.191406 40.000000 923 923
40.143555 40.000000 942 942
40.152344 40.000000 939 939
40.139648 40.000000 944 944
40.110352 40.000000 955 955
40.083008 40.000000 966 966
40.100586 40.000000 959 959
40.083008 40.000000 966 966
40.045898 40.000000 981 981
40.065430 40.000000 973 973
39.981445 40.000000 1007 1007
39.974609 40.000000 1010 1010
39.985352 40.000000 1005 1005
40.015625 40.000000 993 993
40.023438 40.000000 990 990
40.091797 40.000000 963 963
40.105469 40.000000 957 957
40.156250 40.000000 937 937
40.198242 40.000000 920 920
40.246094 40.000000 901 901
40.271484 40.000000 891 891
40.291016 40.000000 883 883
40.237305 40.000000 905 905
40.127930 40.000000 948 948
40.092773 40.000000 962 962
40.094727 40.000000 962 962
40.121094 40.000000 951 951
40.121094 40.000000 951 951
40.142578 40.000000 942 942
40.149414 40.000000 940 940
40.161133 40.000000 935 935
40.160156 40.000000 935 935
40.152344 40.000000 939 939
40.135742 40.000000 945 945
40.148438 40.000000 940 940
40.153320 40.000000 938 938
40.126953 40.000000 949 949
40.066406 40.000000 973 973
40.032227 40.000000 987 987
40.020508 40.000000 991 991
40.053711 40.000000 978 978
40.023438 40.000000 990 990
40.057617 40.000000 976 976
40.026367 40.000000 989 989
40.011719 40.000000 995 995
40.002930 40.000000 998 998
40.000977 40.000000 999 999
40.030273 40.000000 987 987
39.988281 40.000000 1004 1004
40.009766 40.000000 996 996
40.051758 40.000000 979 979
40.078125 40.000000 968 968
40.142578 40.000000 942 942
40.170898 40.000000 931 931
40.212891 40.000000 914 914
40.237305 40.000000 905 905
40.277344 40.000000 889 889
40.308594 40.000000 876 876
40.339844 40.000000 864 864
40.348633 40.000000 860 860
40.330078 40.000000 867 867
40.314453 40.000000 874 874
40.290039 40.000000 883 883
40.296875 40.000000 881 881
40.306641 40.000000 877 877
40.258789 40.000000 896 896
40.263672 40.000000 894 894
40.277344 40.000000 889 889
40.248047 40.000000 900 900
40.205078 40.000000 917 917
40.051758 40.000000 979 979
39.976563 40.000000 1009 1009
39.940430 40.000000 1023 1023
39.938477 40.000000 1024 1024
39.990234 40.000000 1003 1003
39.987305 40.000000 1005 1005
40.048828 40.000000 980 980
40.062500 40.000000 975 975
40.057617 40.000000 976 976
40.096680 40.000000 961 961
40.041992 40.000000 983 983
40.083008 40.000000 966 966
40.075195 40.000000 969 969
40.108398 40.000000 956 956
40.063477 40.000000 974 974
40.080078 40.000000 967 967
40.109375 40.000000 956 956
40.157227 40.000000 937 937
40.198242 40.000000 920 920
40.220703 40.000000 911 911
40.260742 40.000000 895 895
40.247070 40.000000 901 901
40.263672 40.000000 894 894
40.250977 40.000000 899 899
40.228516 40.000000 908 908
40.225586 40.000000 909 909
40.170898 40.000000 931 931
40.152344 40.000000 939 939
40.161133 40.000000 935 935
40.170898 40.000000 931 931
40.185547 40.000000 925 925
40.230469 40.000000 907 907
40.296875 40.000000 881 881
40.329102 40.000000 868 868
40.344727 40.000000 862 862
40.332031 40.000000 867 867
40.341797 40.000000 863 863
40.327148 40.000000 869 869
40.337891 40.000000 864 864
40.348633 40.000000 860 860
40.294922 40.000000 882 882
40.306641 40.000000 877 877
40.306641 40.000000 877 877
40.306641 40.000000 877 877
40.308594 40.000000 876 876
40.293945 40.000000 882 882
40.346680 40.000000 861 861
40.366211 40.000000 853 853
40.368164 40.000000 852 852
40.367188 40.000000 853 853
40.376953 40.000000 849 849
40.372070 40.000000 851 851
40.371094 40.000000 851 851
40.349609 40.000000 860 860
40.358398 40.000000 856 856
40.366211 40.000000 853 853
40.333008 40.000000 866 866
40.320313 40.000000 871 871
40.336914 40.000000 865 865
40.350586 40.000000 859 859
40.344727 40.000000 862 862
40.305664 40.000000 877 877
40.280273 40.000000 887 887
40.285156 40.000000 885 885
40.276367 40.000000 889 889
40.293945 40.000000 882 882
40.276367 40.000000 889 889
40.287109 40.000000 885 885
40.289063 40.000000 884 884
40.284180 40.000000 886 886
40.306641 40.000000 877 877
40.308594 40.000000 876 876
40.366211 40.000000 853 853
40.394531 40.000000 842 842
40.393555 40.000000 842 842
40.385742 40.000000 845 845
40.363281 40.000000 854 854
40.371094 40.000000 851 851
40.361328 40.000000 855 855
40.428711 40.000000 828 828
40.401367 40.000000 839 839
40.427734 40.000000 828 828
40.410156 40.000000 835 835
40.387695 40.000000 844 844
40.444336 40.000000 822 822
40.402344 40.000000 839 839
40.454102 40.000000 818 818
40.423828 40.000000 830 830
40.382813 40.000000 846 846
40.391602 40.000000 843 843
40.370117 40.000000 851 851
40.383789 40.000000 846 846
40.373047 40.000000 850 850
40.384766 40.000000 846 846
40.388672 40.000000 844 844
40.372070 40.000000 851 851
40.379883 40.000000 848 848
40.392578 40.000000 842 842
40.450195 40.000000 819 819
40.404297 40.000000 838 838
40.441406 40.000000 823 823
40.409180 40.000000 836 836
40.416016 40.000000 833 833
40.385742 40.000000 845 845
40.382813 40.000000 846 846
40.387695 40.000000 844 844
40.367188 40.000000 853 853
40.376953 40.000000 849 849
40.372070 40.000000 851 851
40.388672 40.000000 844 844
40.396484 40.000000 841 841
40.382813 40.000000 846 846
40.353516 40.000000 858 858
40.417969 40.000000 832 832
40.393555 40.000000 842 842
40.387695 40.000000 844 844
40.405273 40.000000 837 837
40.400391 40.000000 839 839
40.406250 40.000000 837 837
40.384766 40.000000 846 846
40.350586 40.000000 859 859
40.305664 40.000000 877 877
40.337891 40.000000 864 864
40.332031 40.000000 867 867
40.371094 40.000000 851 851
40.393555 40.000000 842 842
40.384766 40.000000 846 846
40.375000 40.000000 850 850
40.372070 40.000000 851 851
40.376953 40.000000 849 849
40.409180 40.000000 836 836
40.410156 40.000000 835 835
40.440430 40.000000 823 823
40.457031 40.000000 817 817
40.444336 40.000000 822 822
40.470703 40.000000 811 811
40.436523 40.000000 825 825
40.458008 40.000000 816 816
40.452148 40.000000 819 819
40.456055 40.000000 817 817
40.449219 40.000000 820 820
40.497070 40.000000 801 801
40.491211 40.000000 803 803
40.452148 40.000000 819 819
40.496094 40.000000 801 801
40.500000 40.000000 800 800
40.482422 40.000000 807 807
40.460938 40.000000 815 815
40.462891 40.000000 814 814
40.452148 40.000000 819 819
40.437500 40.000000 825 825
40.435547 40.000000 825 825
40.482422 40.000000 807 807
40.437500 40.000000 825 825
40.437500 40.000000 825 825
40.439453 40.000000 824 824
40.382813 40.000000 846 846
40.355469 40.000000 857 857
40.375000 40.000000 850 850
40.400391 40.000000 839 839
40.427734 40.000000 828 828
40.268555 40.000000 892 892
40.289063 40.000000 884 884
40.260742 40.000000 895 895
40.285156 40.000000 885 885
40.339844 40.000000 864 864
40.371094 40.000000 851 851
40.379883 40.000000 848 848
40.385742 40.000000 845 845
40.415039 40.000000 833 833
40.411133 40.000000 835 835
40.391602 40.000000 843 843
40.411133 40.000000 835 835
40.391602 40.000000 843 843
40.405273 40.000000 837 837
40.422852 40.000000 830 830
40.424805 40.000000 830 830
40.421875 40.000000 831 831
40.436523 40.000000 825 825
40.446289 40.000000 821 821
40.427734 40.000000 828 828
40.469727 40.000000 812 812
40.452148 40.000000 819 819
40.432617 40.000000 826 826
40.458008 40.000000 816 816
40.443359 40.000000 822 822
40.465820 40.000000 813 813
40.432617 40.000000 826 826
40.428711 40.000000 828 828
40.387695 40.000000 844 844
40.394531 40.000000 842 842
40.382813 40.000000 846 846
40.397461 40.000000 841 841
40.430664 40.000000 827 827
40.441406 40.000000 823 823
40.439453 40.000000 824 824
40.430664 40.000000 827 827
40.406250 40.000000 837 837
40.419922 40.000000 832 832
40.460938 40.000000 815 815
40.450195 40.000000 819 819
40.428711 40.000000 828 828
40.404297 40.000000 838 838
40.416016 40.000000 833 833
40.445313 40.000000 821 821
40.436523 40.000000 825 825
40.443359 40.000000 822 822
40.437500 40.000000 825 825
40.475586 40.000000 809 809
40.450195 40.000000 819 819
40.462891 40.000000 814 814
40.448242 40.000000 820 820
40.464844 40.000000 814 814
40.464844 40.000000 814 814
40.453125 40.000000 818 818
40.462891 40.000000 814 814
40.479492 40.000000 808 808
40.446289 40.000000 821 821
40.497070 40.000000 801 801
40.504883 40.000000 798 798
40.497070 40.000000 801 801
40.480469 40.000000 807 807
40.516602 40.000000 793 793
40.523438 40.000000 790 790
40.551758 40.000000 779 779
40.536133 40.000000 785 785
40.543945 40.000000 782 782
40.523438 40.000000 790 790
40.550781 40.000000 779 779
40.559570 40.000000 776 776
40.540039 40.000000 783 783
40.546875 40.000000 781 781
40.607422 40.000000 757 757
40.559570 40.000000 776 776
40.565430 40.000000 773 773
40.529297 40.000000 788 788
40.517578 40.000000 792 792
40.484375 40.000000 806 806
40.486328 40.000000 805 805
40.527344 40.000000 789 789
40.543945 40.000000 782 782
40.547852 40.000000 780 780
40.556641 40.000000 777 777
40.573242 40.000000 770 770
40.534180 40.000000 786 786
40.527344 40.000000 789 789
40.532227 40.000000 787 787
40.564453 40.000000 774 774
40.577148 40.000000 769 769
40.585938 40.000000 765 765
40.568359 40.000000 772 772
40.573242 40.000000 770 770
40.564453 40.000000 774 774
40.586914 40.000000 765 765
40.613281 40.000000 754 754
40.594727 40.000000 762 762
40.569336 40.000000 772 772
40.543945 40.000000 782 782
40.530273 40.000000 787 787
40.512695 40.000000 794 794
40.525391 40.000000 789 789
40.532227 40.000000 787 787
40.548828 40.000000 780 780
40.552734 40.000000 778 778
40.510742 40.000000 795 795
40.561523 40.000000 775 775
40.546875 40.000000 781 781
40.547852 40.000000 780 780
40.561523 40.000000 775 775
40.550781 40.000000 779 779
40.565430 40.000000 773 773
40.563477 40.000000 774 774
40.579102 40.000000 768 768
40.566406 40.000000 773 773
40.542969 40.000000 782 782
40.550781 40.000000 779 779
40.559570 40.000000 776 776
40.540039 40.000000 783 783
40.553711 40.000000 778 778
40.529297 40.000000 788 788
40.553711 40.000000 778 778
40.488281 40.000000 804 804
40.496094 40.000000 801 801
40.505859 40.000000 797 797
40.516602 40.000000 793 793
40.525391 40.000000 789 789
40.559570 40.000000 776 776
40.566406 40.000000 773 773
40.564453 40.000000 774 774
40.557617 40.000000 776 776
40.585938 40.000000 765 765
40.611328 40.000000 755 755
40.609375 40.000000 756 756
40.604492 40.000000 758 758
40.604492 40.000000 758 758
40.637695 40.000000 744 744
40.577148 40.000000 769 769
40.616211 40.000000 753 753
40.629883 40.000000 748 748
40.632813 40.000000 746 746
40.637695 40.000000 744 744
40.627930 40.000000 748 748
40.590820 40.000000 763 763
40.596680 40.000000 761 761
40.602539 40.000000 758 758
40.560547 40.000000 775 775
40.590820 40.000000 763 763
40.575195 40.000000 769 769
40.582031 40.000000 767 767
40.593750 40.000000 762 762
40.582031 40.000000 767 767
40.599609 40.000000 760 760
40.645508 40.000000 741 741
40.628906 40.000000 748 748
40.638672 40.000000 744 744
40.628906 40.000000 748 748
40.617188 40.000000 753 753
40.590820 40.000000 763 763
40.542969 40.000000 782 782
40.540039 40.000000 783 783
40.489258 40.000000 804 804
40.507813 40.000000 796 796
40.548828 40.000000 780 780
40.536133 40.000000 785 785
40.538086 40.000000 784 784
40.523438 40.000000 790 790
40.584961 40.000000 766 766
40.575195 40.000000 769 769
40.616211 40.000000 753 753
40.622070 40.000000 751 751
40.595703 40.000000 761 761
40.598633 40.000000 760 760
40.633789 40.000000 746 746
40.632813 40.000000 746 746
40.665039 40.000000 733 733
40.649414 40.000000 740 740
40.632813 40.000000 746 746
40.586914 40.000000 765 765
40.547852 40.000000 780 780
40.541992 40.000000 783 783
40.486328 40.000000 805 805
40.460938 40.000000 815 815
40.486328 40.000000 805 805
40.486328 40.000000 805 805
40.469727 40.000000 812 812
40.475586 40.000000 809 809
40.458984 40.000000 816 816
40.516602 40.000000 793 793
40.419922 40.000000 832 832
40.346680 40.000000 861 861
40.308594 40.000000 876 876
40.362305 40.000000 855 855
40.393555 40.000000 842 842
40.474609 40.000000 810 810

40.484375 40.000000 806 806
40.492188 40.000000 803 803
40.508789 40.000000 796 796
40.496094 40.000000 801 801
40.531250 40.000000 787 787
40.540039 40.000000 783 783
40.563477 40.000000 774 774
40.568359 40.000000 772 772
40.569336 40.000000 772 772
40.577148 40.000000 769 769
40.556641 40.000000 777 777
40.579102 40.000000 768 768
40.600586 40.000000 759 759
40.618164 40.000000 752 752
40.599609 40.000000 760 760
40.625977 40.000000 749 749
40.622070 40.000000 751 751
40.613281 40.000000 754 754
40.591797 40.000000 763 763
40.594727 40.000000 762 762
40.526367 40.000000 789 789
40.536133 40.000000 785 785
40.574219 40.000000 770 770
40.553711 40.000000 778 778
40.586914 40.000000 765 765
40.557617 40.000000 776 776
40.606445 40.000000 757 757
40.604492 40.000000 758 758
40.612305 40.000000 755 755
40.615234 40.000000 753 753
40.602539 40.000000 758 758
40.560547 40.000000 775 775
40.512695 40.000000 794 794
40.539063 40.000000 784 784
40.566406 40.000000 773 773
40.503906 40.000000 798 798
