29.754883 40.000000 14830 14830
30.239258 40.000000 14177 14177
31.321289 40.000000 12716 12716
32.734375 40.000000 10808 10808
34.217773 40.000000 8806 8806
35.607422 40.000000 6929 6929
36.836914 40.000000 5270 5270
37.874023 40.000000 3870 3870
38.605469 40.000000 2882 2882
39.185547 40.000000 2099 2099
39.541992 40.000000 1618 1618
39.757813 40.000000 1326 1326
39.911133 40.000000 1119 1119
39.996094 40.000000 1005 1005
39.976563 40.000000 1031 1031
39.970703 40.000000 1039 1039
39.945313 40.000000 1073 1073
39.956055 40.000000 1059 1059
39.898438 40.000000 1137 1137
39.875977 40.000000 1167 1167
39.825195 40.000000 1235 1235
39.783203 40.000000 1292 1292
39.738281 40.000000 1353 1353
39.697266 40.000000 1408 1408
39.654297 40.000000 1466 1466
39.677734 40.000000 1435 1435
39.606445 40.000000 1531 1531
39.579102 40.000000 1568 1568
39.475586 40.000000 1707 1707
39.459961 40.000000 1729 1729
39.475586 40.000000 1707 1707
39.546875 40.000000 1611 1611
39.600586 40.000000 1539 1539
39.607422 40.000000 1529 1529
39.669922 40.000000 1445 1445
39.721680 40.000000 1375 1375
39.750977 40.000000 1336 1336
39.756836 40.000000 1328 1328
39.735352 40.000000 1357 1357
39.679688 40.000000 1432 1432
39.684570 40.000000 1425 1425
39.686523 40.000000 1423 1423
39.729492 40.000000 1365 1365
39.697266 40.000000 1408 1408
39.693359 40.000000 1413 1413
39.684570 40.000000 1425 1425
39.684570 40.000000 1425 1425
39.704102 40.000000 1399 1399
39.722656 40.000000 1374 1374
39.755859 40.000000 1329 1329
39.825195 40.000000 1235 1235
39.864258 40.000000 1183 1183
39.868164 40.000000 1177 1177
39.895508 40.000000 1141 1141
39.894531 40.000000 1142 1142
39.860352 40.000000 1188 1188
39.884766 40.000000 1155 1155
39.865234 40.000000 1181 1181
39.864258 40.000000 1183 1183
39.889648 40.000000 1148 1148
39.859375 40.000000 1189 1189
39.833984 40.000000 1224 1224
39.809570 40.000000 1257 1257
39.777344 40.000000 1300 1300
39.787109 40.000000 1287 1287
39.785156 40.000000 1290 1290
39.799805 40.000000 1270 1270
39.778320 40.000000 1299 1299
39.750977 40.000000 1336 1336
39.791016 40.000000 1282 1282
39.785156 40.000000 1290 1290
39.757813 40.000000 1326 1326
39.772461 40.000000 1307 1307
39.749023 40.000000 1338 1338
39.755859 40.000000 1329 1329
39.744141 40.000000 1345 1345
39.807617 40.000000 1259 1259
39.815430 40.000000 1249 1249
39.838867 40.000000 1217 1217
39.849609 40.000000 1203 1203
39.874023 40.000000 1170 1170
39.863281 40.000000 1184 1184
39.889648 40.000000 1148 1148
39.868164 40.000000 1177 1177
39.847656 40.000000 1205 1205
39.860352 40.000000 1188 1188
39.842773 40.000000 1212 1212
39.865234 40.000000 1181 1181
39.861328 40.000000 1187 1187
39.915039 40.000000 1114 1114
39.937500 40.000000 1084 1084
39.919922 40.000000 1108 1108
39.912109 40.000000 1118 1118
39.918945 40.000000 1109 1109
39.920898 40.000000 1106 1106
39.962891 40.000000 1050 1050
39.965820 40.000000 1046 1046
40.005859 40.000000 992 992
39.931641 40.000000 1092 1092
39.863281 40.000000 1184 1184
39.898438 40.000000 1137 1137
39.947266 40.000000 1071 1071
39.976563 40.000000 1031 1031
40.020508 40.000000 972 972
40.075195 40.000000 898 898
40.074219 40.000000 899 899
40.037109 40.000000 949 949
40.026367 40.000000 964 964
40.009766 40.000000 986 986
39.980469 40.000000 1026 1026
39.936523 40.000000 1085 1085
39.891602 40.000000 1146 1146
39.898438 40.000000 1137 1137
39.867188 40.000000 1179 1179
39.891602 40.000000 1146 1146
39.910156 40.000000 1121 1121
39.946289 40.000000 1072 1072
39.927734 40.000000 1097 1097
40.004883 40.000000 993 993
39.993164 40.000000 1009 1009
40.005859 40.000000 992 992
40.047852 40.000000 935 935
40.039063 40.000000 947 947
40.080078 40.000000 891 891
40.094727 40.000000 872 872
40.114258 40.000000 845 845
40.148438 40.000000 799 799
40.182617 40.000000 753 753
40.136719 40.000000 815 815
40.142578 40.000000 807 807
40.116211 40.000000 843 843
40.049805 40.000000 932 932
40.031250 40.000000 957 957
40.028320 40.000000 961 961
39.992188 40.000000 1010 1010
39.965820 40.000000 1046 1046
39.946289 40.000000 1072 1072
39.938477 40.000000 1083 1083
39.925781 40.000000 1100 1100
39.966797 40.000000 1044 1044
39.987305 40.000000 1017 1017
39.975586 40.000000 1032 1032
40.019531 40.000000 973 973
40.053711 40.000000 927 927
40.097656 40.000000 868 868
40.113281 40.000000 847 847
40.136719 40.000000 815 815
40.153320 40.000000 793 793
40.155273 40.000000 790 790
40.167969 40.000000 773 773
40.108398 40.000000 853 853
40.083984 40.000000 886 886
40.069336 40.000000 906 906
40.043945 40.000000 940 940
40.039063 40.000000 947 947
40.002930 40.000000 996 996
40.027344 40.000000 963 963
39.975586 40.000000 1032 1032
39.927734 40.000000 1097 1097
39.937500 40.000000 1084 1084
39.950195 40.000000 1067 1067
39.941406 40.000000 1079 1079
39.956055 40.000000 1059 1059
39.989258 40.000000 1014 1014
40.026367 40.000000 964 964
40.009766 40.000000 986 986
40.051758 40.000000 930 930
40.051758 40.000000 930 930
40.020508 40.000000 972 972
40.058594 40.000000 920 920
40.123047 40.000000 833 833
40.114258 40.000000 845 845
40.129883 40.000000 824 824
40.119141 40.000000 839 839
40.094727 40.000000 872 872
40.108398 40.000000 853 853
40.099609 40.000000 865 865
40.122070 40.000000 835 835
40.130859 40.000000 823 823
40.147461 40.000000 800 800
40.167969 40.000000 773 773
40.170898 40.000000 769 769
40.140625 40.000000 810 810
40.071289 40.000000 903 903
40.061523 40.000000 916 916
40.015625 40.000000 978 978
39.989258 40.000000 1014 1014
39.993164 40.000000 1009 1009
39.972656 40.000000 1036 1036
39.938477 40.000000 1083 1083
39.944336 40.000000 1075 1075
39.954102 40.000000 1061 1061
39.944336 40.000000 1075 1075
39.911133 40.000000 1119 1119
39.924805 40.000000 1101 1101
39.903320 40.000000 1130 1130
39.894531 40.000000 1142 1142
39.950195 40.000000 1067 1067
39.965820 40.000000 1046 1046
39.976563 40.000000 1031 1031
40.017578 40.000000 976 976
40.062500 40.000000 915 915
40.105469 40.000000 857 857
40.135742 40.000000 816 816
40.164063 40.000000 778 778
40.212891 40.000000 712 712
40.179688 40.000000 757 757
40.157227 40.000000 787 787
40.177734 40.000000 760 760
40.190430 40.000000 742 742
40.160156 40.000000 783 783
40.096680 40.000000 869 869
40.101563 40.000000 862 862
40.109375 40.000000 852 852
40.146484 40.000000 802 802
40.158203 40.000000 786 786
40.174805 40.000000 764 764
40.173828 40.000000 765 765
40.133789 40.000000 819 819
40.065430 40.000000 911 911
40.011719 40.000000 984 984
40.013672 40.000000 981 981
40.028320 40.000000 961 961
40.011719 40.000000 984 984
40.033203 40.000000 955 955
39.977539 40.000000 1030 1030
40.001953 40.000000 997 997
39.994141 40.000000 1007 1007
39.945313 40.000000 1073 1073
39.922852 40.000000 1104 1104
39.932617 40.000000 1090 1090
39.975586 40.000000 1032 1032
39.998047 40.000000 1002 1002
40.073242 40.000000 901 901
40.074219 40.000000 899 899
40.109375 40.000000 852 852
40.119141 40.000000 839 839
40.138672 40.000000 812 812
40.139648 40.000000 811 811
40.123047 40.000000 833 833
40.187500 40.000000 746 746
40.149414 40.000000 798 798
40.167969 40.000000 773 773
40.139648 40.000000 811 811
40.106445 40.000000 856 856
40.130859 40.000000 823 823
40.096680 40.000000 869 869
40.095703 40.000000 870 870
40.100586 40.000000 864 864
40.074219 40.000000 899 899
40.039063 40.000000 947 947
40.052734 40.000000 928 928
40.008789 40.000000 988 988
40.041992 40.000000 943 943
40.061523 40.000000 916 916
39.996094 40.000000 1005 1005
40.052734 40.000000 928 928
40.083984 40.000000 886 886
40.169922 40.000000 770 770
40.217773 40.000000 706 706
40.233398 40.000000 684 684
40.224609 40.000000 696 696
40.151367 40.000000 795 795
40.142578 40.000000 807 807
40.104492 40.000000 858 858
40.060547 40.000000 918 918
40.060547 40.000000 918 918
40.033203 40.000000 955 955
40.008789 40.000000 988 988
40.031250 40.000000 957 957
40.051758 40.000000 930 930
40.056641 40.000000 923 923
40.080078 40.000000 891 891
40.129883 40.000000 824 824
40.152344 40.000000 794 794
40.196289 40.000000 735 735
40.183594 40.000000 752 752
40.187500 40.000000 746 746
40.205078 40.000000 723 723
40.147461 40.000000 800 800
40.105469 40.000000 857 857
40.065430 40.000000 911 911
40.036133 40.000000 951 951
40.018555 40.000000 974 974
40.030273 40.000000 959 959
40.001953 40.000000 997 997
40.006836 40.000000 990 990
39.992188 40.000000 1010 1010
39.984375 40.000000 1021 1021
39.993164 40.000000 1009 1009
39.967773 40.000000 1043 1043
39.988281 40.000000 1015 1015
39.989258 40.000000 1014 1014
39.988281 40.000000 1015 1015
40.002930 40.000000 996 996
39.981445 40.000000 1025 1025
40.017578 40.000000 976 976
40.000977 40.000000 998 998
39.983398 40.000000 1022 1022
40.019531 40.000000 973 973
39.998047 40.000000 1002 1002
40.030273 40.000000 959 959
40.005859 40.000000 992 992
40.010742 40.000000 985 985
40.023438 40.000000 968 968
39.992188 40.000000 1010 1010
39.985352 40.000000 1019 1019
40.011719 40.000000 984 984
39.994141 40.000000 1007 1007
39.985352 40.000000 1019 1019
39.994141 40.000000 1007 1007
40.015625 40.000000 978 978
40.010742 40.000000 985 985
39.999023 40.000000 1001 1001
39.962891 40.000000 1050 1050
39.981445 40.000000 1025 1025
39.983398 40.000000 1022 1022
39.981445 40.000000 1025 1025
40.002930 40.000000 996 996
39.998047 40.000000 1002 1002
40.001953 40.000000 997 997
39.993164 40.000000 1009 1009
40.014648 40.000000 980 980
39.998047 40.000000 1002 1002
40.008789 40.000000 988 988
39.993164 40.000000 1009 1009
40.005859 40.000000 992 992
40.039063 40.000000 947 947
40.079102 40.000000 893 893
40.182617 40.000000 753 753
40.204102 40.000000 724 724
40.237305 40.000000 679 679
40.262695 40.000000 645 645
40.220703 40.000000 702 702
40.200195 40.000000 729 729
40.160156 40.000000 783 783
40.142578 40.000000 807 807
40.134766 40.000000 818 818
40.123047 40.000000 833 833
40.123047 40.000000 833 833
40.122070 40.000000 835 835
40.114258 40.000000 845 845
40.142578 40.000000 807 807
40.130859 40.000000 823 823
40.125000 40.000000 831 831
40.112305 40.000000 848 848
40.106445 40.000000 856 856
40.123047 40.000000 833 833
40.108398 40.000000 853 853
40.162109 40.000000 781 781
40.165039 40.000000 777 777
40.146484 40.000000 802 802
40.103516 40.000000 860 860
40.075195 40.000000 898 898
40.083008 40.000000 887 887
40.079102 40.000000 893 893
40.122070 40.000000 835 835
40.122070 40.000000 835 835
40.087891 40.000000 881 881
40.106445 40.000000 856 856
40.116211 40.000000 843 843
40.151367 40.000000 795 795
40.149414 40.000000 798 798
40.117188 40.000000 841 841
40.129883 40.000000 824 824
40.134766 40.000000 818 818
40.114258 40.000000 845 845
40.078125 40.000000 894 894
40.104492 40.000000 858 858
40.123047 40.000000 833 833
40.153320 40.000000 793 793
40.142578 40.000000 807 807
40.173828 40.000000 765 765
40.112305 40.000000 848 848
40.178711 40.000000 758 758
40.146484 40.000000 802 802
40.153320 40.000000 793 793
40.153320 40.000000 793 793
40.156250 40.000000 789 789
40.179688 40.000000 757 757
40.162109 40.000000 781 781
40.186523 40.000000 748 748
40.168945 40.000000 771 771
40.200195 40.000000 729 729
40.183594 40.000000 752 752
40.162109 40.000000 781 781
40.164063 40.000000 778 778
40.133789 40.000000 819 819
40.131836 40.000000 822 822
40.122070 40.000000 835 835
40.143555 40.000000 806 806
40.131836 40.000000 822 822
40.153320 40.000000 793 793
40.164063 40.000000 778 778
40.164063 40.000000 778 778
40.130859 40.000000 823 823
40.149414 40.000000 798 798
40.178711 40.000000 758 758
40.204102 40.000000 724 724
40.201172 40.000000 728 728
40.191406 40.000000 741 741
40.208008 40.000000 719 719
40.210938 40.000000 715 715
40.212891 40.000000 712 712
40.233398 40.000000 684 684
40.243164 40.000000 671 671
40.204102 40.000000 724 724
40.185547 40.000000 749 749
40.148438 40.000000 799 799
40.140625 40.000000 810 810
40.127930 40.000000 827 827
40.152344 40.000000 794 794
40.226563 40.000000 694 694
40.185547 40.000000 749 749
40.166016 40.000000 775 775
40.178711 40.000000 758 758
40.211914 40.000000 713 713
40.182617 40.000000 753 753
40.166016 40.000000 775 775
40.199219 40.000000 731 731
40.201172 40.000000 728 728
40.199219 40.000000 731 731
40.210938 40.000000 715 715
40.221680 40.000000 700 700
40.208984 40.000000 717 717
40.177734 40.000000 760 760
40.220703 40.000000 702 702
40.199219 40.000000 731 731
40.198242 40.000000 732 732
40.195313 40.000000 736 736
40.224609 40.000000 696 696
40.254883 40.000000 655 655
40.255859 40.000000 654 654
40.251953 40.000000 659 659
40.272461 40.000000 632 632
40.284180 40.000000 616 616
40.312500 40.000000 578 578
40.250000 40.000000 662 662
40.296875 40.000000 599 599
40.248047 40.000000 665 665
40.286133 40.000000 613 613
40.291016 40.000000 607 607
40.307617 40.000000 584 584
40.306641 40.000000 586 586
40.306641 40.000000 586 586
40.311523 40.000000 579 579
40.248047 40.000000 665 665
40.229492 40.000000 690 690
40.215820 40.000000 708 708
40.167969 40.000000 773 773
40.168945 40.000000 771 771
40.174805 40.000000 764 764
40.155273 40.000000 790 790
40.164063 40.000000 778 778
40.174805 40.000000 764 764
40.187500 40.000000 746 746
40.185547 40.000000 749 749
40.170898 40.000000 769 769
40.215820 40.000000 708 708
40.213867 40.000000 711 711
40.212891 40.000000 712 712
40.213867 40.000000 711 711
40.158203 40.000000 786 786
40.126953 40.000000 828 828
40.108398 40.000000 853 853
40.123047 40.000000 833 833
40.113281 40.000000 847 847
40.083008 40.000000 887 887
40.116211 40.000000 843 843
40.096680 40.000000 869 869
40.106445 40.000000 856 856
40.106445 40.000000 856 856
40.139648 40.000000 811 811
40.123047 40.000000 833 833
40.126953 40.000000 828 828
40.121094 40.000000 836 836
40.148438 40.000000 799 799
40.152344 40.000000 794 794
40.199219 40.000000 731 731
40.183594 40.000000 752 752
40.225586 40.000000 695 695
40.186523 40.000000 748 748
40.222656 40.000000 699 699
40.181641 40.000000 754 754
40.187500 40.000000 746 746
40.157227 40.000000 787 787
40.116211 40.000000 843 843
40.118164 40.000000 840 840
40.125000 40.000000 831 831
40.108398 40.000000 853 853
40.148438 40.000000 799 799
40.144531 40.000000 804 804
40.169922 40.000000 770 770
40.169922 40.000000 770 770
40.082031 40.000000 889 889
40.096680 40.000000 869 869
40.097656 40.000000 868 868
40.125000 40.000000 831 831
40.153320 40.000000 793 793
40.203125 40.000000 725 725
40.205078 40.000000 723 723
40.225586 40.000000 695 695
40.228516 40.000000 691 691
40.233398 40.000000 684 684
40.238281 40.000000 678 678
40.253906 40.000000 657 657
40.262695 40.000000 645 645
40.263672 40.000000 644 644
40.273438 40.000000 630 630
40.265625 40.000000 641 641
40.273438 40.000000 630 630
40.291016 40.000000 607 607

40.284180 40.000000 616 616
40.251953 40.000000 659 659
40.220703 40.000000 702 702
40.186523 40.000000 748 748
40.125977 40.000000 829 829
40.094727 40.000000 872 872
40.097656 40.000000 868 868
40.049805 40.000000 932 932
40.017578 40.000000 976 976
40.014648 40.000000 980 980
40.078125 40.000000 894 894
40.035156 40.000000 952 952
39.993164 40.000000 1009 1009
40.041016 40.000000 944 944
40.116211 40.000000 843 843
40.178711 40.000000 758 758
40.181641 40.000000 754 754
40.204102 40.000000 724 724
40.234375 40.000000 683 683
40.284180 40.000000 616 616
40.259766 40.000000 649 649
40.284180 40.000000 616 616
40.256836 40.000000 653 653
40.258789 40.000000 650 650
40.208984 40.000000 717 717
40.208008 40.000000 719 719
40.117188 40.000000 841 841
40.116211 40.000000 843 843
40.110352 40.000000 851 851
40.122070 40.000000 835 835
40.138672 40.000000 812 812
40.127930 40.000000 827 827
40.174805 40.000000 764 764
40.142578 40.000000 807 807
40.148438 40.000000 799 799
40.172852 40.000000 766 766
40.179688 40.000000 757 757
40.220703 40.000000 702 702
40.233398 40.000000 684 684
40.242188 40.000000 673 673
40.262695 40.000000 645 645
40.247070 40.000000 666 666
40.282227 40.000000 618 618
40.268555 40.000000 637 637
40.260742 40.000000 647 647
40.281250 40.000000 620 620
40.329102 40.000000 555 555
40.312500 40.000000 578 578
40.258789 40.000000 650 650
40.242188 40.000000 673 673
40.289063 40.000000 609 609
40.289063 40.000000 609 609
40.324219 40.000000 562 562
40.293945 40.000000 603 603
40.297852 40.000000 597 597
40.297852 40.000000 597 597
40.269531 40.000000 636 636
40.250000 40.000000 662 662
40.215820 40.000000 708 708
40.142578 40.000000 807 807
40.127930 40.000000 827 827
40.127930 40.000000 827 827
40.135742 40.000000 816 816
40.126953 40.000000 828 828
40.161133 40.000000 782 782
40.152344 40.000000 794 794
40.177734 40.000000 760 760
40.178711 40.000000 758 758
40.228516 40.000000 691 691
40.220703 40.000000 702 702
40.195313 40.000000 736 736
40.194336 40.000000 737 737
40.208008 40.000000 719 719
40.198242 40.000000 732 732
40.213867 40.000000 711 711
40.225586 40.000000 695 695
40.165039 40.000000 777 777
40.165039 40.000000 777 777
40.153320 40.000000 793 793
40.109375 40.000000 852 852
40.133789 40.000000 819 819
40.164063 40.000000 778 778
40.153320 40.000000 793 793
40.160156 40.000000 783 783
40.195313 40.000000 736 736
40.182617 40.000000 753 753
40.172852 40.000000 766 766
40.216797 40.000000 707 707
40.203125 40.000000 725 725
40.225586 40.000000 695 695
40.263672 40.000000 644 644
40.251953 40.000000 659 659
40.205078 40.000000 723 723
40.189453 40.000000 744 744
40.152344 40.000000 794 794
40.191406 40.000000 741 741
40.158203 40.000000 786 786
40.153320 40.000000 793 793
40.162109 40.000000 781 781
40.149414 40.000000 798 798
40.170898 40.000000 769 769
40.152344 40.000000 794 794
40.095703 40.000000 870 870
40.117188 40.000000 841 841
40.164063 40.000000 778 778
40.176758 40.000000 761 761
40.207031 40.000000 720 720
40.217773 40.000000 706 706
40.222656 40.000000 699 699
40.247070 40.000000 666 666
40.265625 40.000000 641 641
40.275391 40.000000 628 628
40.268555 40.000000 637 637
40.251953 40.000000 659 659
40.244141 40.000000 670 670
40.211914 40.000000 713 713
40.167969 40.000000 773 773
40.142578 40.000000 807 807
40.117188 40.000000 841 841
40.031250 40.000000 957 957
40.013672 40.000000 981 981
40.062500 40.000000 915 915
40.110352 40.000000 851 851
40.173828 40.000000 765 765
40.246094 40.000000 667 667
40.174805 40.000000 764 764
40.187500 40.000000 746 746
40.217773 40.000000 706 706
40.235352 40.000000 682 682
40.262695 40.000000 645 645
40.232422 40.000000 686 686
40.246094 40.000000 667 667
40.169922 40.000000 770 770
40.071289 40.000000 903 903
40.018555 40.000000 974 974
39.993164 40.000000 1009 1009
40.049805 40.000000 932 932
40.024414 40.000000 967 967
40.054688 40.000000 926 926
40.126953 40.000000 828 828
40.185547 40.000000 749 749
40.217773 40.000000 706 706
40.260742 40.000000 647 647
40.272461 40.000000 632 632
40.308594 40.000000 583 583
40.265625 40.000000 641 641
40.246094 40.000000 667 667
40.215820 40.000000 708 708
40.191406 40.000000 741 741
40.187500 40.000000 746 746
40.172852 40.000000 766 766
40.164063 40.000000 778 778
40.173828 40.000000 765 765
40.208008 40.000000 719 719
40.246094 40.000000 667 667
40.253906 40.000000 657 657
40.287109 40.000000 612 612
40.243164 40.000000 671 671
40.291016 40.000000 607 607
40.297852 40.000000 597 597
40.289063 40.000000 609 609
40.327148 40.000000 558 558
40.351563 40.000000 525 525
40.327148 40.000000 558 558
40.273438 40.000000 630 630
40.211914 40.000000 713 713
40.174805 40.000000 764 764
40.131836 40.000000 822 822
40.153320 40.000000 793 793
40.155273 40.000000 790 790
40.182617 40.000000 753 753
40.224609 40.000000 696 696
40.237305 40.000000 679 679
40.259766 40.000000 649 649
40.263672 40.000000 644 644
40.278320 40.000000 624 624
40.284180 40.000000 616 616
40.292969 40.000000 604 604
40.299805 40.000000 595 595
40.301758 40.000000 592 592
40.267578 40.000000 638 638
40.243164 40.000000 671 671
40.220703 40.000000 702 702
40.199219 40.000000 731 731
40.182617 40.000000 753 753
40.169922 40.000000 770 770
40.162109 40.000000 781 781
40.212891 40.000000 712 712
40.233398 40.000000 684 684
40.212891 40.000000 712 712
40.241211 40.000000 674 674
40.265625 40.000000 641 641
40.232422 40.000000 686 686
40.259766 40.000000 649 649
40.256836 40.000000 653 653
40.282227 40.000000 618 618
40.284180 40.000000 616 616
40.254883 40.000000 655 655
40.215820 40.000000 708 708
40.194336 40.000000 737 737
40.181641 40.000000 754 754
40.168945 40.000000 771 771
40.165039 40.000000 777 777
40.211914 40.000000 713 713
40.204102 40.000000 724 724
40.201172 40.000000 728 728
40.210938 40.000000 715 715
40.237305 40.000000 679 679
40.256836 40.000000 653 653
40.244141 40.000000 670 670
40.290039 40.000000 608 608
40.263672 40.000000 644 644
40.277344 40.000000 625 625
40.273438 40.000000 630 630
40.276367 40.000000 626 626
40.190430 40.000000 742 742
40.186523 40.000000 748 748
40.160156 40.000000 783 783
40.164063 40.000000 778 778
40.172852 40.000000 766 766
40.204102 40.000000 724 724
40.208984 40.000000 717 717
40.210938 40.000000 715 715
40.264648 40.000000 642 642
40.286133 40.000000 613 613
40.268555 40.000000 637 637
40.262695 40.000000 645 645
40.308594 40.000000 583 583
40.327148 40.000000 558 558
40.323242 40.000000 563 563
40.329102 40.000000 555 555
40.348633 40.000000 529 529
40.355469 40.000000 520 520
40.327148 40.000000 558 558
40.297852 40.000000 597 597
40.255859 40.000000 654 654
40.173828 40.000000 765 765
40.148438 40.000000 799 799
40.138672 40.000000 812 812
40.138672 40.000000 812 812
40.149414 40.000000 798 798
40.139648 40.000000 811 811
40.144531 40.000000 804 804
40.158203 40.000000 786 786
40.191406 40.000000 741 741
40.208008 40.000000 719 719
40.260742 40.000000 647 647
40.264648 40.000000 642 642
40.256836 40.000000 653 653
40.238281 40.000000 678 678
40.265625 40.000000 641 641
40.276367 40.000000 626 626
40.284180 40.000000 616 616
40.327148 40.000000 558 558
40.354492 40.000000 521 521
40.373047 40.000000 496 496
40.396484 40.000000 464 464
40.376953 40.000000 491 491
40.367188 40.000000 504 504
40.342773 40.000000 537 537
40.302734 40.000000 591 591
40.256836 40.000000 653 653
40.217773 40.000000 706 706
40.167969 40.000000 773 773
40.135742 40.000000 816 816
40.146484 40.000000 802 802
40.039063 40.000000 947 947
40.030273 40.000000 959 959
40.101563 40.000000 862 862
40.126953 40.000000 828 828
40.205078 40.000000 723 723

40.254883 40.000000 655 655
40.246094 40.000000 667 667
40.336914 40.000000 545 545
40.302734 40.000000 591 591
40.291016 40.000000 607 607
40.308594 40.000000 583 583
40.286133 40.000000 613 613
40.210938 40.000000 715 715
40.215820 40.000000 708 708
40.221680 40.000000 700 700
40.242188 40.000000 673 673
40.207031 40.000000 720 720
40.207031 40.000000 720 720
40.260742 40.000000 647 647
40.243164 40.000000 671 671
40.273438 40.000000 630 630
40.305664 40.000000 587 587
40.303711 40.000000 589 589
40.297852 40.000000 597 597
40.337891 40.000000 543 543
40.342773 40.000000 537 537
40.308594 40.000000 583 583
40.284180 40.000000 616 616
40.243164 40.000000 671 671
40.222656 40.000000 699 699
40.198242 40.000000 732 732
40.123047 40.000000 833 833
40.116211 40.000000 843 843
40.167969 40.000000 773 773
40.149414 40.000000 798 798
40.134766 40.000000 818 818
40.125000 40.000000 831 831
40.148438 40.000000 799 799
40.211914 40.000000 713 713
40.232422 40.000000 686 686
40.263672 40.000000 644 644
40.267578 40.000000 638 638
40.233398 40.000000 684 684
40.215820 40.000000 708 708
40.199219 40.000000 731 731
40.208984 40.000000 717 717
40.189453 40.000000 744 744
40.217773 40.000000 706 706
40.198242 40.000000 732 732
40.239258 40.000000 677 677
40.244141 40.000000 670 670
40.235352 40.000000 682 682
40.237305 40.000000 679 679
40.268555 40.000000 637 637
40.289063 40.000000 609 609
40.329102 40.000000 555 555
40.332031 40.000000 551 551
40.311523 40.000000 579 579
40.258789 40.000000 650 650
40.241211 40.000000 674 674
40.198242 40.000000 732 732
40.176758 40.000000 761 761

40.118164 40.000000 840 840
40.157227 40.000000 787 787
40.112305 40.000000 848 848
40.138672 40.000000 812 812
40.138672 40.000000 812 812
40.139648 40.000000 811 811
40.194336 40.000000 737 737
40.224609 40.000000 696 696
40.248047 40.000000 665 665
40.267578 40.000000 638 638
40.292969 40.000000 604 604
40.277344 40.000000 625 625
40.272461 40.000000 632 632
40.224609 40.000000 696 696
40.215820 40.000000 708 708
40.170898 40.000000 769 769
40.158203 40.000000 786 786
40.135742 40.000000 816 816
40.165039 40.000000 777 777
40.194336 40.000000 737 737
40.178711 40.000000 758 758
40.165039 40.000000 777 777
40.225586 40.000000 695 695
40.253906 40.000000 657 657
40.243164 40.000000 671 671
40.235352 40.000000 682 682
40.262695 40.000000 645 645
40.276367 40.000000 626 626
40.282227 40.000000 618 618
40.298828 40.000000 596 596
40.336914 40.000000 545 545
40.308594 40.000000 583 583
40.340820 40.000000 539 539
40.342773 40.000000 537 537
40.367188 40.000000 504 504
40.362305 40.000000 510 510
40.393555 40.000000 468 468
40.402344 40.000000 456 456
40.382813 40.000000 483 483
40.414063 40.000000 441 441
40.414063 40.000000 441 441
40.415039 40.000000 439 439
40.423828 40.000000 427 427
40.422852 40.000000 429 429
40.415039 40.000000 439 439
40.428711 40.000000 421 421
40.461914 40.000000 376 376
40.426758 40.000000 423 423
40.355469 40.000000 520 520
40.392578 40.000000 470 470
40.320313 40.000000 567 567
40.247070 40.000000 666 666
40.233398 40.000000 684 684
40.194336 40.000000 737 737
40.122070 40.000000 835 835
40.079102 40.000000 893 893
40.047852 40.000000 935 935
40.066406 40.000000 910 910
40.094727 40.000000 872 872
40.148438 40.000000 799 799
40.183594 40.000000 752 752
40.212891 40.000000 712 712
40.239258 40.000000 677 677
40.255859 40.000000 654 654
40.243164 40.000000 671 671
40.237305 40.000000 679 679
40.210938 40.000000 715 715
40.189453 40.000000 744 744
40.192383 40.000000 740 740
40.207031 40.000000 720 720
40.233398 40.000000 684 684
40.272461 40.000000 632 632
40.291016 40.000000 607 607
40.358398 40.000000 516 516
40.314453 40.000000 575 575
40.310547 40.000000 580 580
40.282227 40.000000 618 618
40.221680 40.000000 700 700
40.247070 40.000000 666 666
40.302734 40.000000 591 591
40.294922 40.000000 601 601
40.302734 40.000000 591 591
40.267578 40.000000 638 638
40.244141 40.000000 670 670
40.241211 40.000000 674 674
40.182617 40.000000 753 753
40.259766 40.000000 649 649
40.241211 40.000000 674 674
40.250000 40.000000 662 662
40.277344 40.000000 625 625
40.269531 40.000000 636 636
40.260742 40.000000 647 647
40.293945 40.000000 603 603
40.307617 40.000000 584 584
40.350586 40.000000 526 526
40.333984 40.000000 549 549
40.333008 40.000000 550 550
40.293945 40.000000 603 603
40.267578 40.000000 638 638
40.242188 40.000000 673 673
40.198242 40.000000 732 732
40.199219 40.000000 731 731
40.172852 40.000000 766 766
40.220703 40.000000 702 702
40.221680 40.000000 700 700
40.258789 40.000000 650 650
40.244141 40.000000 670 670
40.273438 40.000000 630 630
40.277344 40.000000 625 625
40.329102 40.000000 555 555
40.308594 40.000000 583 583
40.292969 40.000000 604 604
40.222656 40.000000 699 699
40.157227 40.000000 787 787
40.134766 40.000000 818 818
40.142578 40.000000 807 807
40.157227 40.000000 787 787
40.208008 40.000000 719 719
40.216797 40.000000 707 707
40.221680 40.000000 700 700
40.268555 40.000000 637 637
40.284180 40.000000 616 616
40.273438 40.000000 630 630
40.258789 40.000000 650 650
40.294922 40.000000 601 601
40.256836 40.000000 653 653
40.280273 40.000000 621 621
40.339844 40.000000 541 541
40.368164 40.000000 502 502
40.361328 40.000000 512 512
40.333984 40.000000 549 549
40.318359 40.000000 570 570
40.293945 40.000000 603 603
40.282227 40.000000 618 618
40.201172 40.000000 728 728
40.248047 40.000000 665 665
40.221680 40.000000 700 700
40.192383 40.000000 740 740
40.164063 40.000000 778 778
40.200195 40.000000 729 729
40.204102 40.000000 724 724
40.211914 40.000000 713 713
40.228516 40.000000 691 691
40.258789 40.000000 650 650
40.269531 40.000000 636 636
40.308594 40.000000 583 583
40.291016 40.000000 607 607
40.302734 40.000000 591 591
40.297852 40.000000 597 597
40.260742 40.000000 647 647
40.259766 40.000000 649 649
40.229492 40.000000 690 690
40.221680 40.000000 700 700
40.246094 40.000000 667 667
40.190430 40.000000 742 742
40.262695 40.000000 645 645
40.238281 40.000000 678 678
40.248047 40.000000 665 665
40.258789 40.000000 650 650
40.271484 40.000000 633 633
40.275391 40.000000 628 628
40.287109 40.000000 612 612
40.308594 40.000000 583 583
40.272461 40.000000 632 632
40.222656 40.000000 699 699
40.189453 40.000000 744 744
40.174805 40.000000 764 764
40.220703 40.000000 702 702
40.228516 40.000000 691 691
40.251953 40.000000 659 659
40.262695 40.000000 645 645
40.260742 40.000000 647 647
40.301758 40.000000 592 592
40.349609 40.000000 528 528
40.348633 40.000000 529 529
40.362305 40.000000 510 510
40.332031 40.000000 551 551
40.320313 40.000000 567 567
40.277344 40.000000 625 625
40.201172 40.000000 728 728
40.195313 40.000000 736 736
40.160156 40.000000 783 783
40.186523 40.000000 748 748
40.213867 40.000000 711 711
40.195313 40.000000 736 736
40.230469 40.000000 688 688
40.251953 40.000000 659 659
40.251953 40.000000 659 659
40.265625 40.000000 641 641
40.289063 40.000000 609 609
40.315430 40.000000 574 574
40.293945 40.000000 603 603
40.273438 40.000000 630 630
40.280273 40.000000 621 621
40.237305 40.000000 679 679
40.217773 40.000000 706 706
40.226563 40.000000 694 694
40.162109 40.000000 781 781
40.144531 40.000000 804 804
40.204102 40.000000 724 724
40.208008 40.000000 719 719
40.179688 40.000000 757 757
40.221680 40.000000 700 700
40.246094 40.000000 667 667
40.248047 40.000000 665 665
40.260742 40.000000 647 647
40.275391 40.000000 628 628
40.247070 40.000000 666 666
40.273438 40.000000 630 630
40.275391 40.000000 628 628
40.250977 40.000000 661 661
40.224609 40.000000 696 696
40.233398 40.000000 684 684
40.189453 40.000000 744 744
40.247070 40.000000 666 666
40.281250 40.000000 620 620
40.264648 40.000000 642 642
40.244141 40.000000 670 670
40.275391 40.000000 628 628
40.299805 40.000000 595 595
40.314453 40.000000 575 575
40.328125 40.000000 557 557
40.332031 40.000000 551 551
40.358398 40.000000 516 516
40.328125 40.000000 557 557
40.285156 40.000000 615 615
40.235352 40.000000 682 682
40.230469 40.000000 688 688
40.233398 40.000000 684 684
40.216797 40.000000 707 707
40.205078 40.000000 723 723
40.239258 40.000000 677 677
40.211914 40.000000 713 713
40.263672 40.000000 644 644
40.278320 40.000000 624 624
40.306641 40.000000 586 586
40.310547 40.000000 580 580
40.362305 40.000000 510 510
40.324219 40.000000 562 562
40.302734 40.000000 591 591
40.265625 40.000000 641 641
40.237305 40.000000 679 679
40.222656 40.000000 699 699
40.204102 40.000000 724 724
40.191406 40.000000 741 741
40.241211 40.000000 674 674
40.268555 40.000000 637 637
40.277344 40.000000 625 625
40.267578 40.000000 638 638
40.285156 40.000000 615 615
40.325195 40.000000 560 560
40.330078 40.000000 554 554
40.361328 40.000000 512 512
40.348633 40.000000 529 529
40.371094 40.000000 499 499
40.398438 40.000000 462 462
40.384766 40.000000 480 480
40.376953 40.000000 491 491
40.375977 40.000000 492 492
40.321289 40.000000 566 566
40.301758 40.000000 592 592
40.183594 40.000000 752 752
40.121094 40.000000 836 836
40.096680 40.000000 869 869
40.134766 40.000000 818 818
40.121094 40.000000 836 836
40.161133 40.000000 782 782
40.190430 40.000000 742 742
40.213867 40.000000 711 711
40.196289 40.000000 735 735
40.242188 40.000000 673 673
40.251953 40.000000 659 659
40.271484 40.000000 633 633
40.290039 40.000000 608 608
40.277344 40.000000 625 625
40.254883 40.000000 655 655
40.210938 40.000000 715 715
40.191406 40.000000 741 741
40.191406 40.000000 741 741
40.176758 40.000000 761 761
40.181641 40.000000 754 754
40.204102 40.000000 724 724
40.195313 40.000000 736 736
40.201172 40.000000 728 728
40.196289 40.000000 735 735
40.241211 40.000000 674 674
40.265625 40.000000 641 641
40.271484 40.000000 633 633
40.268555 40.000000 637 637
40.306641 40.000000 586 586
40.292969 40.000000 604 604
40.275391 40.000000 628 628
40.268555 40.000000 637 637
40.166016 40.000000 775 775
40.105469 40.000000 857 857
40.125000 40.000000 831 831
40.142578 40.000000 807 807
40.194336 40.000000 737 737
40.177734 40.000000 760 760
40.170898 40.000000 769 769
40.112305 40.000000 848 848
40.134766 40.000000 818 818
40.177734 40.000000 760 760
40.225586 40.000000 695 695
40.271484 40.000000 633 633
40.282227 40.000000 618 618
40.284180 40.000000 616 616
40.248047 40.000000 665 665
40.253906 40.000000 657 657
40.234375 40.000000 683 683
40.178711 40.000000 758 758
40.208008 40.000000 719 719
40.208008 40.000000 719 719
40.253906 40.000000 657 657
40.198242 40.000000 732 732
40.210938 40.000000 715 715
40.232422 40.000000 686 686
40.262695 40.000000 645 645
40.268555 40.000000 637 637
40.267578 40.000000 638 638
40.291016 40.000000 607 607
40.320313 40.000000 567 567
40.297852 40.000000 597 597
40.325195 40.000000 560 560
40.332031 40.000000 551 551
40.284180 40.000000 616 616
40.286133 40.000000 613 613
40.243164 40.000000 671 671
40.220703 40.000000 702 702
40.203125 40.000000 725 725
40.182617 40.000000 753 753
40.138672 40.000000 812 812
40.067383 40.000000 909 909
40.080078 40.000000 891 891
40.135742 40.000000 816 816
40.151367 40.000000 795 795
40.170898 40.000000 769 769
40.203125 40.000000 725 725
40.228516 40.000000 691 691
40.243164 40.000000 671 671
40.254883 40.000000 655 655
40.277344 40.000000 625 625
40.275391 40.000000 628 628
40.258789 40.000000 650 650
40.213867 40.000000 711 711
40.185547 40.000000 749 749
40.192383 40.000000 740 740
40.158203 40.000000 786 786
40.229492 40.000000 690 690
40.219727 40.000000 703 703
40.208984 40.000000 717 717
40.271484 40.000000 633 633
40.282227 40.000000 618 618
40.250000 40.000000 662 662
40.198242 40.000000 732 732
40.219727 40.000000 703 703
40.228516 40.000000 691 691
40.190430 40.000000 742 742
40.210938 40.000000 715 715
40.204102 40.000000 724 724
40.232422 40.000000 686 686
40.268555 40.000000 637 637
40.280273 40.000000 621 621
40.285156 40.000000 615 615
40.325195 40.000000 560 560
40.335938 40.000000 546 546
40.353516 40.000000 522 522
40.344727 40.000000 534 534
40.380859 40.000000 485 485
40.341797 40.000000 538 538
40.337891 40.000000 543 543
40.336914 40.000000 545 545
40.307617 40.000000 584 584
40.264648 40.000000 642 642
40.244141 40.000000 670 670
40.213867 40.000000 711 711
40.260742 40.000000 647 647

40.237305 40.000000 679 679
40.242188 40.000000 673 673
40.254883 40.000000 655 655
40.268555 40.000000 637 637
40.285156 40.000000 615 615
40.262695 40.000000 645 645
40.269531 40.000000 636 636
40.301758 40.000000 592 592
40.312500 40.000000 578 578
40.273438 40.000000 630 630
40.242188 40.000000 673 673
40.243164 40.000000 671 671
40.219727 40.000000 703 703
40.169922 40.000000 770 770
40.146484 40.000000 802 802
40.125977 40.000000 829 829
40.099609 40.000000 865 865
40.142578 40.000000 807 807
40.131836 40.000000 822 822
40.177734 40.000000 760 760
40.191406 40.000000 741 741
40.195313 40.000000 736 736
40.244141 40.000000 670 670
40.217773 40.000000 706 706
40.271484 40.000000 633 633
40.272461 40.000000 632 632
40.306641 40.000000 586 586
40.362305 40.000000 510 510
40.354492 40.000000 521 521
40.350586 40.000000 526 526
40.413086 40.000000 442 442
40.404297 40.000000 454 454
40.410156 40.000000 446 446
40.434570 40.000000 413 413
40.446289 40.000000 397 397
40.443359 40.000000 401 401
40.402344 40.000000 456 456
40.394531 40.000000 467 467
40.366211 40.000000 505 505
40.306641 40.000000 586 586
40.265625 40.000000 641 641
40.244141 40.000000 670 670
40.221680 40.000000 700 700
40.200195 40.000000 729 729
40.177734 40.000000 760 760
40.212891 40.000000 712 712
40.229492 40.000000 690 690
40.238281 40.000000 678 678
40.247070 40.000000 666 666
40.262695 40.000000 645 645
40.302734 40.000000 591 591
40.291016 40.000000 607 607
40.298828 40.000000 596 596
40.367188 40.000000 504 504
40.361328 40.000000 512 512
40.299805 40.000000 595 595
40.314453 40.000000 575 575
40.333984 40.000000 549 549
40.312500 40.000000 578 578
40.298828 40.000000 596 596
40.321289 40.000000 566 566
40.320313 40.000000 567 567
40.350586 40.000000 526 526
40.328125 40.000000 557 557
40.342773 40.000000 537 537
40.328125 40.000000 557 557
40.303711 40.000000 589 589
40.278320 40.000000 624 624
40.277344 40.000000 625 625
40.253906 40.000000 657 657
40.220703 40.000000 702 702
40.149414 40.000000 798 798
40.170898 40.000000 769 769
40.178711 40.000000 758 758
40.216797 40.000000 707 707
40.204102 40.000000 724 724
40.241211 40.000000 674 674
40.233398 40.000000 684 684
40.286133 40.000000 613 613
40.265625 40.000000 641 641
40.281250 40.000000 620 620
40.294922 40.000000 601 601
40.314453 40.000000 575 575
40.312500 40.000000 578 578
40.364258 40.000000 508 508
40.357422 40.000000 517 517
40.373047 40.000000 496 496
40.363281 40.000000 509 509
40.342773 40.000000 537 537
40.348633 40.000000 529 529
40.278320 40.000000 624 624
40.269531 40.000000 636 636
40.254883 40.000000 655 655
40.230469 40.000000 688 688
40.178711 40.000000 758 758
40.167969 40.000000 773 773
40.168945 40.000000 771 771
40.201172 40.000000 728 728
40.222656 40.000000 699 699
40.234375 40.000000 683 683
40.244141 40.000000 670 670
40.260742 40.000000 647 647
40.264648 40.000000 642 642
40.267578 40.000000 638 638
40.237305 40.000000 679 679
40.275391 40.000000 628 628
40.325195 40.000000 560 560
40.332031 40.000000 551 551
40.321289 40.000000 566 566
40.301758 40.000000 592 592
40.328125 40.000000 557 557
40.287109 40.000000 612 612
40.289063 40.000000 609 609
40.233398 40.000000 684 684
40.215820 40.000000 708 708
40.233398 40.000000 684 684
40.241211 40.000000 674 674
40.212891 40.000000 712 712
40.221680 40.000000 700 700
40.191406 40.000000 741 741
40.203125 40.000000 725 725
40.189453 40.000000 744 744
40.179688 40.000000 757 757
40.125977 40.000000 829 829
40.095703 40.000000 870 870
40.083984 40.000000 886 886
40.109375 40.000000 852 852
40.157227 40.000000 787 787
40.211914 40.000000 713 713
40.263672 40.000000 644 644
40.293945 40.000000 603 603
40.319336 40.000000 568 568
40.321289 40.000000 566 566
40.311523 40.000000 579 579
40.312500 40.000000 578 578
40.277344 40.000000 625 625
40.244141 40.000000 670 670
40.221680 40.000000 700 700
40.194336 40.000000 737 737
40.169922 40.000000 770 770
40.127930 40.000000 827 827
40.130859 40.000000 823 823
40.134766 40.000000 818 818
40.153320 40.000000 793 793
40.170898 40.000000 769 769
40.207031 40.000000 720 720
40.212891 40.000000 712 712
40.229492 40.000000 690 690
40.217773 40.000000 706 706
40.268555 40.000000 637 637
40.250000 40.000000 662 662
40.275391 40.000000 628 628
40.246094 40.000000 667 667
40.228516 40.000000 691 691
40.207031 40.000000 720 720
40.167969 40.000000 773 773
40.122070 40.000000 835 835
40.095703 40.000000 870 870
40.104492 40.000000 858 858
40.166016 40.000000 775 775
40.200195 40.000000 729 729
40.291016 40.000000 607 607
40.325195 40.000000 560 560
40.333984 40.000000 549 549
40.373047 40.000000 496 496
40.375000 40.000000 493 493
40.367188 40.000000 504 504
40.414063 40.000000 441 441
40.416016 40.000000 438 438
40.404297 40.000000 454 454
40.385742 40.000000 479 479
40.406250 40.000000 451 451
40.434570 40.000000 413 413
40.406250 40.000000 451 451
40.410156 40.000000 446 446
40.416016 40.000000 438 438
40.354492 40.000000 521 521
40.376953 40.000000 491 491
40.310547 40.000000 580 580
40.297852 40.000000 597 597
40.241211 40.000000 674 674
40.212891 40.000000 712 712
40.215820 40.000000 708 708
40.232422 40.000000 686 686
40.216797 40.000000 707 707
40.228516 40.000000 691 691
40.238281 40.000000 678 678
40.265625 40.000000 641 641
40.306641 40.000000 586 586
40.212891 40.000000 712 712
40.259766 40.000000 649 649
40.268555 40.000000 637 637
40.287109 40.000000 612 612
40.303711 40.000000 589 589
40.280273 40.000000 621 621
40.221680 40.000000 700 700
40.213867 40.000000 711 711
40.161133 40.000000 782 782
40.119141 40.000000 839 839
40.087891 40.000000 881 881
40.144531 40.000000 804 804
40.168945 40.000000 771 771
40.179688 40.000000 757 757
40.222656 40.000000 699 699
40.216797 40.000000 707 707
40.234375 40.000000 683 683
40.237305 40.000000 679 679
40.204102 40.000000 724 724
40.178711 40.000000 758 758
40.084961 40.000000 885 885
40.069336 40.000000 906 906
40.136719 40.000000 815 815
40.224609 40.000000 696 696
40.271484 40.000000 633 633
40.305664 40.000000 587 587
40.349609 40.000000 528 528
40.340820 40.000000 539 539
40.319336 40.000000 568 568
40.348633 40.000000 529 529
40.321289 40.000000 566 566
40.280273 40.000000 621 621
40.277344 40.000000 625 625
40.222656 40.000000 699 699
40.211914 40.000000 713 713
40.205078 40.000000 723 723
40.172852 40.000000 766 766
40.222656 40.000000 699 699
40.237305 40.000000 679 679
40.201172 40.000000 728 728
40.117188 40.000000 841 841
40.094727 40.000000 872 872
40.122070 40.000000 835 835
40.158203 40.000000 786 786
40.213867 40.000000 711 711
40.244141 40.000000 670 670
40.275391 40.000000 628 628
40.289063 40.000000 609 609
40.332031 40.000000 551 551
40.350586 40.000000 526 526
40.362305 40.000000 510 510
40.353516 40.000000 522 522
40.302734 40.000000 591 591
40.294922 40.000000 601 601
40.285156 40.000000 615 615
40.301758 40.000000 592 592
40.312500 40.000000 578 578
40.302734 40.000000 591 591
40.308594 40.000000 583 583
40.263672 40.000000 644 644
40.269531 40.000000 636 636
40.243164 40.000000 671 671
40.260742 40.000000 647 647
40.272461 40.000000 632 632
40.276367 40.000000 626 626
40.294922 40.000000 601 601
40.318359 40.000000 570 570
40.335938 40.000000 546 546
40.339844 40.000000 541 541
40.340820 40.000000 539 539
40.426758 40.000000 423 423
40.434570 40.000000 413 413
40.424805 40.000000 426 426
40.398438 40.000000 462 462
40.372070 40.000000 497 497
40.382813 40.000000 483 483

40.363281 40.000000 509 509
40.314453 40.000000 575 575
40.259766 40.000000 649 649
40.268555 40.000000 637 637
40.250977 40.000000 661 661
40.250000 40.000000 662 662
40.250000 40.000000 662 662
40.259766 40.000000 649 649
40.287109 40.000000 612 612
40.291016 40.000000 607 607
40.301758 40.000000 592 592
40.341797 40.000000 538 538
40.333984 40.000000 549 549
40.394531 40.000000 467 467
40.396484 40.000000 464 464
40.418945 40.000000 434 434
40.441406 40.000000 404 404
40.457031 40.000000 383 383
40.431641 40.000000 417 417
40.404297 40.000000 454 454
40.392578 40.000000 470 470
40.388672 40.000000 475 475
40.387695 40.000000 476 476
40.401367 40.000000 458 458
40.418945 40.000000 434 434
40.409180 40.000000 447 447
40.387695 40.000000 476 476
40.340820 40.000000 539 539
40.297852 40.000000 597 597
40.262695 40.000000 645 645
40.272461 40.000000 632 632
40.216797 40.000000 707 707
40.182617 40.000000 753 753
40.155273 40.000000 790 790
40.130859 40.000000 823 823
40.082031 40.000000 889 889
40.084961 40.000000 885 885
40.147461 40.000000 800 800
40.243164 40.000000 671 671
40.267578 40.000000 638 638
40.243164 40.000000 671 671
40.298828 40.000000 596 596
40.329102 40.000000 555 555
40.364258 40.000000 508 508
40.359375 40.000000 514 514
40.414063 40.000000 441 441
40.337891 40.000000 543 543
40.323242 40.000000 563 563
40.267578 40.000000 638 638
40.292969 40.000000 604 604
40.246094 40.000000 667 667
40.207031 40.000000 720 720
40.191406 40.000000 741 741
40.195313 40.000000 736 736
40.173828 40.000000 765 765
40.203125 40.000000 725 725
40.247070 40.000000 666 666
40.273438 40.000000 630 630
40.259766 40.000000 649 649
40.289063 40.000000 609 609
40.301758 40.000000 592 592
40.291016 40.000000 607 607
40.342773 40.000000 537 537
40.242188 40.000000 673 673
40.250000 40.000000 662 662
40.308594 40.000000 583 583
40.325195 40.000000 560 560
40.378906 40.000000 488 488
40.393555 40.000000 468 468
40.339844 40.000000 541 541
40.316406 40.000000 572 572
40.292969 40.000000 604 604
40.268555 40.000000 637 637
40.235352 40.000000 682 682
40.211914 40.000000 713 713
40.225586 40.000000 695 695
40.230469 40.000000 688 688
40.229492 40.000000 690 690
40.272461 40.000000 632 632
40.314453 40.000000 575 575
40.310547 40.000000 580 580
40.263672 40.000000 644 644
40.324219 40.000000 562 562
40.339844 40.000000 541 541
40.341797 40.000000 538 538
40.315430 40.000000 574 574
40.286133 40.000000 613 613
40.248047 40.000000 665 665
40.265625 40.000000 641 641
40.216797 40.000000 707 707
40.207031 40.000000 720 720
40.242188 40.000000 673 673
40.271484 40.000000 633 633
40.271484 40.000000 633 633
40.296875 40.000000 599 599
40.333984 40.000000 549 549
40.328125 40.000000 557 557
40.354492 40.000000 521 521
40.370117 40.000000 500 500
40.355469 40.000000 520 520
40.337891 40.000000 543 543
40.290039 40.000000 608 608
40.253906 40.000000 657 657
40.248047 40.000000 665 665
40.165039 40.000000 777 777
40.162109 40.000000 781 781
40.140625 40.000000 810 810
40.119141 40.000000 839 839
40.144531 40.000000 804 804
40.130859 40.000000 823 823
40.181641 40.000000 754 754
40.250000 40.000000 662 662
40.254883 40.000000 655 655
40.284180 40.000000 616 616
40.282227 40.000000 618 618
40.321289 40.000000 566 566
40.333984 40.000000 549 549
40.345703 40.000000 533 533
40.342773 40.000000 537 537
40.310547 40.000000 580 580
40.327148 40.000000 558 558
40.296875 40.000000 599 599
40.280273 40.000000 621 621
40.306641 40.000000 586 586
40.291016 40.000000 607 607
40.333008 40.000000 550 550
40.330078 40.000000 554 554
40.368164 40.000000 502 502
40.387695 40.000000 476 476
40.413086 40.000000 442 442
40.401367 40.000000 458 458
40.428711 40.000000 421 421
40.430664 40.000000 418 418
40.465820 40.000000 371 371
40.449219 40.000000 393 393
40.414063 40.000000 441 441
40.426758 40.000000 423 423
40.332031 40.000000 551 551
40.341797 40.000000 538 538
40.253906 40.000000 657 657
40.267578 40.000000 638 638
40.228516 40.000000 691 691
40.200195 40.000000 729 729
40.201172 40.000000 728 728
40.205078 40.000000 723 723
40.204102 40.000000 724 724
40.229492 40.000000 690 690
40.238281 40.000000 678 678
40.267578 40.000000 638 638
40.311523 40.000000 579 579
40.282227 40.000000 618 618
40.299805 40.000000 595 595
40.293945 40.000000 603 603
40.289063 40.000000 609 609
40.297852 40.000000 597 597
40.297852 40.000000 597 597
40.323242 40.000000 563 563
40.306641 40.000000 586 586
40.306641 40.000000 586 586
40.278320 40.000000 624 624
40.267578 40.000000 638 638
40.219727 40.000000 703 703
40.253906 40.000000 657 657
40.220703 40.000000 702 702
40.250977 40.000000 661 661
40.268555 40.000000 637 637
40.229492 40.000000 690 690
40.229492 40.000000 690 690
40.196289 40.000000 735 735
40.169922 40.000000 770 770
40.152344 40.000000 794 794
40.130859 40.000000 823 823
40.130859 40.000000 823 823
40.125000 40.000000 831 831
40.151367 40.000000 795 795
40.144531 40.000000 804 804
40.181641 40.000000 754 754
40.222656 40.000000 699 699
40.235352 40.000000 682 682
40.280273 40.000000 621 621
40.264648 40.000000 642 642
40.262695 40.000000 645 645
40.226563 40.000000 694 694
40.243164 40.000000 671 671
40.248047 40.000000 665 665
40.169922 40.000000 770 770
40.156250 40.000000 789 789
40.157227 40.000000 787 787
40.127930 40.000000 827 827
40.134766 40.000000 818 818
40.183594 40.000000 752 752
40.207031 40.000000 720 720
40.216797 40.000000 707 707
40.205078 40.000000 723 723
40.213867 40.000000 711 711
40.277344 40.000000 625 625
40.280273 40.000000 621 621
40.286133 40.000000 613 613
40.324219 40.000000 562 562
40.292969 40.000000 604 604
40.321289 40.000000 566 566
40.273438 40.000000 630 630
40.292969 40.000000 604 604
40.284180 40.000000 616 616
40.201172 40.000000 728 728
40.207031 40.000000 720 720
40.147461 40.000000 800 800
40.186523 40.000000 748 748
40.155273 40.000000 790 790
40.144531 40.000000 804 804
40.143555 40.000000 806 806
40.157227 40.000000 787 787
40.066406 40.000000 910 910
40.096680 40.000000 869 869
40.155273 40.000000 790 790
40.208008 40.000000 719 719
40.241211 40.000000 674 674
40.275391 40.000000 628 628
40.333008 40.000000 550 550
40.367188 40.000000 504 504
40.378906 40.000000 488 488
40.368164 40.000000 502 502
40.379883 40.000000 487 487
40.416016 40.000000 438 438
40.402344 40.000000 456 456
40.384766 40.000000 480 480
40.380859 40.000000 485 485
40.350586 40.000000 526 526
40.272461 40.000000 632 632
40.250000 40.000000 662 662
40.269531 40.000000 636 636
40.215820 40.000000 708 708
40.167969 40.000000 773 773
40.177734 40.000000 760 760
40.142578 40.000000 807 807
40.116211 40.000000 843 843
40.152344 40.000000 794 794
40.196289 40.000000 735 735
40.174805 40.000000 764 764
40.200195 40.000000 729 729
40.269531 40.000000 636 636
40.247070 40.000000 666 666
40.254883 40.000000 655 655
40.285156 40.000000 615 615
40.315430 40.000000 574 574
40.305664 40.000000 587 587
40.349609 40.000000 528 528
40.342773 40.000000 537 537
40.366211 40.000000 505 505
40.368164 40.000000 502 502
40.341797 40.000000 538 538
40.290039 40.000000 608 608
40.273438 40.000000 630 630
40.293945 40.000000 603 603
40.325195 40.000000 560 560
40.329102 40.000000 555 555
40.355469 40.000000 520 520
40.423828 40.000000 427 427
40.441406 40.000000 404 404
40.461914 40.000000 376 376
40.456055 40.000000 384 384
40.426758 40.000000 423 423
40.375000 40.000000 493 493
40.376953 40.000000 491 491
40.398438 40.000000 462 462
40.400391 40.000000 459 459
40.380859 40.000000 485 485
40.400391 40.000000 459 459
40.424805 40.000000 426 426
40.401367 40.000000 458 458
40.417969 40.000000 435 435
40.421875 40.000000 430 430
40.397461 40.000000 463 463
40.371094 40.000000 499 499
40.342773 40.000000 537 537
40.316406 40.000000 572 572
40.327148 40.000000 558 558
40.256836 40.000000 653 653
40.253906 40.000000 657 657
40.250000 40.000000 662 662
40.299805 40.000000 595 595
40.305664 40.000000 587 587
40.310547 40.000000 580 580
40.272461 40.000000 632 632
40.258789 40.000000 650 650
40.217773 40.000000 706 706
40.203125 40.000000 725 725
40.146484 40.000000 802 802
40.158203 40.000000 786 786
40.176758 40.000000 761 761
40.139648 40.000000 811 811
40.148438 40.000000 799 799
40.179688 40.000000 757 757
40.179688 40.000000 757 757
40.220703 40.000000 702 702
40.255859 40.000000 654 654
40.290039 40.000000 608 608
40.284180 40.000000 616 616
40.287109 40.000000 612 612
40.267578 40.000000 638 638
40.272461 40.000000 632 632
40.244141 40.000000 670 670
40.187500 40.000000 746 746
40.207031 40.000000 720 720
40.125000 40.000000 831 831
40.071289 40.000000 903 903
40.026367 40.000000 964 964
40.039063 40.000000 947 947
40.103516 40.000000 860 860
40.191406 40.000000 741 741
40.229492 40.000000 690 690
40.284180 40.000000 616 616
40.302734 40.000000 591 591
40.336914 40.000000 545 545
40.405273 40.000000 452 452
40.422852 40.000000 429 429
40.428711 40.000000 421 421
40.407227 40.000000 450 450
40.387695 40.000000 476 476
40.361328 40.000000 512 512
40.320313 40.000000 567 567
40.320313 40.000000 567 567
40.267578 40.000000 638 638
40.259766 40.000000 649 649
40.273438 40.000000 630 630
40.316406 40.000000 572 572
40.328125 40.000000 557 557
40.346680 40.000000 531 531
40.351563 40.000000 525 525
40.357422 40.000000 517 517
40.375000 40.000000 493 493
40.389648 40.000000 473 473
40.394531 40.000000 467 467
40.371094 40.000000 499 499
40.366211 40.000000 505 505
40.353516 40.000000 522 522
40.341797 40.000000 538 538
40.357422 40.000000 517 517
40.366211 40.000000 505 505
40.411133 40.000000 444 444
40.437500 40.000000 409 409
40.434570 40.000000 413 413
40.402344 40.000000 456 456
40.414063 40.000000 441 441
40.414063 40.000000 441 441
40.404297 40.000000 454 454
40.364258 40.000000 508 508
40.340820 40.000000 539 539
40.333008 40.000000 550 550
40.367188 40.000000 504 504
40.350586 40.000000 526 526
40.324219 40.000000 562 562
40.330078 40.000000 554 554
40.314453 40.000000 575 575
40.312500 40.000000 578 578
40.259766 40.000000 649 649
40.229492 40.000000 690 690
40.263672 40.000000 644 644
40.235352 40.000000 682 682
40.211914 40.000000 713 713
40.208984 40.000000 717 717
40.172852 40.000000 766 766
40.199219 40.000000 731 731
40.186523 40.000000 748 748
40.178711 40.000000 758 758
40.142578 40.000000 807 807
40.134766 40.000000 818 818
40.142578 40.000000 807 807
40.140625 40.000000 810 810
40.129883 40.000000 824 824
40.157227 40.000000 787 787
40.207031 40.000000 720 720
40.203125 40.000000 725 725
40.208984 40.000000 717 717
40.181641 40.000000 754 754
40.127930 40.000000 827 827
40.173828 40.000000 765 765
40.168945 40.000000 771 771
40.199219 40.000000 731 731
40.174805 40.000000 764 764
40.205078 40.000000 723 723
40.234375 40.000000 683 683
40.275391 40.000000 628 628
40.297852 40.000000 597 597
40.306641 40.000000 586 586
40.299805 40.000000 595 595
40.348633 40.000000 529 529
40.333984 40.000000 549 549
40.382813 40.000000 483 483
40.384766 40.000000 480 480
40.336914 40.000000 545 545
40.350586 40.000000 526 526
40.340820 40.000000 539 539
40.316406 40.000000 572 572
40.301758 40.000000 592 592
40.284180 40.000000 616 616
40.238281 40.000000 678 678
40.248047 40.000000 665 665
40.176758 40.000000 761 761
40.172852 40.000000 766 766
40.228516 40.000000 691 691
40.233398 40.000000 684 684
40.258789 40.000000 650 650
40.276367 40.000000 626 626
40.299805 40.000000 595 595
40.337891 40.000000 543 543
40.333008 40.000000 550 550
40.330078 40.000000 554 554
40.398438 40.000000 462 462
40.349609 40.000000 528 528
40.341797 40.000000 538 538
40.320313 40.000000 567 567
40.308594 40.000000 583 583
40.271484 40.000000 633 633
40.185547 40.000000 749 749
40.234375 40.000000 683 683
40.194336 40.000000 737 737
40.183594 40.000000 752 752
40.178711 40.000000 758 758
40.187500 40.000000 746 746
40.203125 40.000000 725 725
40.225586 40.000000 695 695
40.250977 40.000000 661 661
40.250000 40.000000 662 662
40.277344 40.000000 625 625
40.286133 40.000000 613 613
40.226563 40.000000 694 694
40.186523 40.000000 748 748
40.225586 40.000000 695 695
40.207031 40.000000 720 720
40.179688 40.000000 757 757
40.181641 40.000000 754 754
40.201172 40.000000 728 728
40.186523 40.000000 748 748
40.167969 40.000000 773 773
40.161133 40.000000 782 782
40.146484 40.000000 802 802
40.121094 40.000000 836 836
40.136719 40.000000 815 815
40.152344 40.000000 794 794
40.186523 40.000000 748 748
40.192383 40.000000 740 740
40.234375 40.000000 683 683
40.281250 40.000000 620 620
40.278320 40.000000 624 624
40.285156 40.000000 615 615
40.314453 40.000000 575 575
40.330078 40.000000 554 554
40.292969 40.000000 604 604
40.281250 40.000000 620 620
40.256836 40.000000 653 653
40.219727 40.000000 703 703
40.225586 40.000000 695 695
40.172852 40.000000 766 766
40.161133 40.000000 782 782
40.127930 40.000000 827 827
40.125000 40.000000 831 831
40.170898 40.000000 769 769
40.200195 40.000000 729 729
40.229492 40.000000 690 690
40.289063 40.000000 609 609
40.339844 40.000000 541 541
40.303711 40.000000 589 589
40.333008 40.000000 550 550
40.389648 40.000000 473 473
40.393555 40.000000 468 468
40.413086 40.000000 442 442
40.414063 40.000000 441 441
40.417969 40.000000 435 435
40.427734 40.000000 422 422
40.450195 40.000000 392 392
40.382813 40.000000 483 483
40.362305 40.000000 510 510
40.332031 40.000000 551 551
40.258789 40.000000 650 650
40.219727 40.000000 703 703
40.192383 40.000000 740 740
40.198242 40.000000 732 732
40.172852 40.000000 766 766
40.242188 40.000000 673 673
40.247070 40.000000 666 666
40.264648 40.000000 642 642
40.265625 40.000000 641 641
40.306641 40.000000 586 586
40.294922 40.000000 601 601
40.311523 40.000000 579 579
40.380859 40.000000 485 485
40.354492 40.000000 521 521
40.355469 40.000000 520 520
40.355469 40.000000 520 520
40.344727 40.000000 534 534
40.293945 40.000000 603 603
40.267578 40.000000 638 638
40.244141 40.000000 670 670
40.212891 40.000000 712 712
40.198242 40.000000 732 732
40.185547 40.000000 749 749
40.178711 40.000000 758 758
40.208984 40.000000 717 717
40.237305 40.000000 679 679
40.251953 40.000000 659 659
40.276367 40.000000 626 626
40.284180 40.000000 616 616
40.330078 40.000000 554 554
40.327148 40.000000 558 558
40.340820 40.000000 539 539
40.332031 40.000000 551 551
40.311523 40.000000 579 579
40.311523 40.000000 579 579
40.253906 40.000000 657 657
40.251953 40.000000 659 659
40.212891 40.000000 712 712
40.225586 40.000000 695 695
40.237305 40.000000 679 679
40.247070 40.000000 666 666
40.250000 40.000000 662 662
40.251953 40.000000 659 659
40.224609 40.000000 696 696
40.215820 40.000000 708 708
40.173828 40.000000 765 765
40.108398 40.000000 853 853
40.099609 40.000000 865 865
40.090820 40.000000 877 877
40.164063 40.000000 778 778
40.201172 40.000000 728 728
40.281250 40.000000 620 620
40.308594 40.000000 583 583
40.361328 40.000000 512 512
40.375000 40.000000 493 493
40.404297 40.000000 454 454
40.407227 40.000000 450 450
40.461914 40.000000 376 376
40.449219 40.000000 393 393
40.406250 40.000000 451 451
40.379883 40.000000 487 487
40.348633 40.000000 529 529
40.328125 40.000000 557 557
40.306641 40.000000 586 586
40.243164 40.000000 671 671
40.229492 40.000000 690 690
40.241211 40.000000 674 674
40.250977 40.000000 661 661
40.250977 40.000000 661 661
40.267578 40.000000 638 638
40.271484 40.000000 633 633
40.271484 40.000000 633 633
40.321289 40.000000 566 566
40.319336 40.000000 568 568
40.333008 40.000000 550 550
40.330078 40.000000 554 554
40.285156 40.000000 615 615
40.271484 40.000000 633 633
40.265625 40.000000 641 641
40.224609 40.000000 696 696
40.217773 40.000000 706 706
40.189453 40.000000 744 744
40.233398 40.000000 684 684
40.244141 40.000000 670 670
40.242188 40.000000 673 673
40.268555 40.000000 637 637
40.293945 40.000000 603 603
40.303711 40.000000 589 589
40.357422 40.000000 517 517
40.336914 40.000000 545 545
40.337891 40.000000 543 543
40.336914 40.000000 545 545
40.362305 40.000000 510 510
40.330078 40.000000 554 554
40.291016 40.000000 607 607
40.290039 40.000000 608 608
40.248047 40.000000 665 665
40.211914 40.000000 713 713
40.192383 40.000000 740 740
40.207031 40.000000 720 720
40.208984 40.000000 717 717
40.217773 40.000000 706 706
40.216797 40.000000 707 707
40.213867 40.000000 711 711
40.251953 40.000000 659 659
40.289063 40.000000 609 609
40.328125 40.000000 557 557
40.329102 40.000000 555 555
40.349609 40.000000 528 528
40.354492 40.000000 521 521
40.391602 40.000000 471 471
40.404297 40.000000 454 454
40.428711 40.000000 421 421
40.434570 40.000000 413 413
40.415039 40.000000 439 439
40.424805 40.000000 426 426
40.410156 40.000000 446 446
40.410156 40.000000 446 446
40.427734 40.000000 422 422
40.437500 40.000000 409 409
40.426758 40.000000 423 423
40.439453 40.000000 406 406
40.441406 40.000000 404 404
40.444336 40.000000 400 400
40.421875 40.000000 430 430
40.379883 40.000000 487 487
40.342773 40.000000 537 537
40.382813 40.000000 483 483
40.378906 40.000000 488 488
40.364258 40.000000 508 508
40.378906 40.000000 488 488
40.421875 40.000000 430 430
40.448242 40.000000 394 394
40.521484 40.000000 295 295
40.452148 40.000000 389 389
40.436523 40.000000 410 410
40.391602 40.000000 471 471
40.351563 40.000000 525 525
40.301758 40.000000 592 592
40.238281 40.000000 678 678
40.232422 40.000000 686 686
40.222656 40.000000 699 699
40.192383 40.000000 740 740
40.176758 40.000000 761 761
40.161133 40.000000 782 782
40.182617 40.000000 753 753
40.178711 40.000000 758 758
40.187500 40.000000 746 746
40.221680 40.000000 700 700
40.263672 40.000000 644 644
40.286133 40.000000 613 613
40.247070 40.000000 666 666
40.312500 40.000000 578 578
40.330078 40.000000 554 554
40.324219 40.000000 562 562
40.392578 40.000000 470 470
40.367188 40.000000 504 504
40.388672 40.000000 475 475
40.423828 40.000000 427 427
40.393555 40.000000 468 468
40.341797 40.000000 538 538
40.291016 40.000000 607 607
40.262695 40.000000 645 645
40.212891 40.000000 712 712
40.164063 40.000000 778 778
40.153320 40.000000 793 793
40.201172 40.000000 728 728
40.166016 40.000000 775 775
40.149414 40.000000 798 798
40.226563 40.000000 694 694
40.233398 40.000000 684 684
40.301758 40.000000 592 592
40.299805 40.000000 595 595
40.325195 40.000000 560 560
40.367188 40.000000 504 504
40.397461 40.000000 463 463
40.430664 40.000000 418 418
40.387695 40.000000 476 476
40.402344 40.000000 456 456
40.392578 40.000000 470 470
40.378906 40.000000 488 488
40.318359 40.000000 570 570
40.314453 40.000000 575 575
40.289063 40.000000 609 609
40.247070 40.000000 666 666
40.258789 40.000000 650 650
40.241211 40.000000 674 674
40.269531 40.000000 636 636
40.276367 40.000000 626 626
40.296875 40.000000 599 599
40.321289 40.000000 566 566
40.327148 40.000000 558 558
40.373047 40.000000 496 496
40.363281 40.000000 509 509
40.401367 40.000000 458 458
40.397461 40.000000 463 463
40.419922 40.000000 433 433
40.439453 40.000000 406 406
40.407227 40.000000 450 450
40.407227 40.000000 450 450
40.339844 40.000000 541 541
40.291016 40.000000 607 607
40.228516 40.000000 691 691
40.255859 40.000000 654 654
40.205078 40.000000 723 723
40.191406 40.000000 741 741

40.170898 40.000000 769 769
40.138672 40.000000 812 812
40.174805 40.000000 764 764
40.200195 40.000000 729 729
40.181641 40.000000 754 754
40.225586 40.000000 695 695
40.248047 40.000000 665 665
40.234375 40.000000 683 683
40.207031 40.000000 720 720
40.225586 40.000000 695 695
40.265625 40.000000 641 641
40.272461 40.000000 632 632
40.306641 40.000000 586 586
40.363281 40.000000 509 509
40.389648 40.000000 473 473
40.318359 40.000000 570 570
40.344727 40.000000 534 534
40.358398 40.000000 516 516
40.336914 40.000000 545 545
40.321289 40.000000 566 566
40.316406 40.000000 572 572
40.265625 40.000000 641 641
40.247070 40.000000 666 666
40.232422 40.000000 686 686
40.258789 40.000000 650 650
40.225586 40.000000 695 695
40.208008 40.000000 719 719
40.225586 40.000000 695 695
40.282227 40.000000 618 618
40.222656 40.000000 699 699
40.250977 40.000000 661 661
40.229492 40.000000 690 690
40.246094 40.000000 667 667
40.199219 40.000000 731 731
40.195313 40.000000 736 736
40.217773 40.000000 706 706
40.256836 40.000000 653 653
40.272461 40.000000 632 632
40.280273 40.000000 621 621
40.272461 40.000000 632 632
40.248047 40.000000 665 665
40.256836 40.000000 653 653
40.232422 40.000000 686 686
40.263672 40.000000 644 644
40.271484 40.000000 633 633
40.311523 40.000000 579 579
40.325195 40.000000 560 560
40.301758 40.000000 592 592
40.308594 40.000000 583 583
40.287109 40.000000 612 612
40.308594 40.000000 583 583
40.339844 40.000000 541 541
40.328125 40.000000 557 557
40.336914 40.000000 545 545
40.363281 40.000000 509 509
40.383789 40.000000 481 481
40.416016 40.000000 438 438
40.361328 40.000000 512 512
40.371094 40.000000 499 499
40.339844 40.000000 541 541
40.314453 40.000000 575 575
40.297852 40.000000 597 597
40.250977 40.000000 661 661
40.204102 40.000000 724 724
40.205078 40.000000 723 723
40.241211 40.000000 674 674
40.144531 40.000000 804 804
40.169922 40.000000 770 770
40.221680 40.000000 700 700
40.271484 40.000000 633 633
40.265625 40.000000 641 641
40.299805 40.000000 595 595
40.350586 40.000000 526 526
40.361328 40.000000 512 512
40.345703 40.000000 533 533
40.325195 40.000000 560 560
40.311523 40.000000 579 579
40.285156 40.000000 615 615
40.258789 40.000000 650 650
40.253906 40.000000 657 657
40.190430 40.000000 742 742
40.185547 40.000000 749 749
40.149414 40.000000 798 798
40.172852 40.000000 766 766
40.166016 40.000000 775 775
40.187500 40.000000 746 746
40.198242 40.000000 732 732
40.239258 40.000000 677 677
40.250977 40.000000 661 661
40.260742 40.000000 647 647
40.269531 40.000000 636 636
40.296875 40.000000 599 599
40.323242 40.000000 563 563
40.332031 40.000000 551 551
40.303711 40.000000 589 589
40.272461 40.000000 632 632
40.282227 40.000000 618 618
40.230469 40.000000 688 688
40.215820 40.000000 708 708
40.191406 40.000000 741 741
40.183594 40.000000 752 752
40.187500 40.000000 746 746
40.142578 40.000000 807 807
40.167969 40.000000 773 773
40.182617 40.000000 753 753
40.194336 40.000000 737 737
40.212891 40.000000 712 712
40.294922 40.000000 601 601
40.296875 40.000000 599 599
40.250000 40.000000 662 662
40.286133 40.000000 613 613
40.354492 40.000000 521 521
40.335938 40.000000 546 546
40.376953 40.000000 491 491
40.350586 40.000000 526 526
40.318359 40.000000 570 570
40.321289 40.000000 566 566
40.382813 40.000000 483 483
40.346680 40.000000 531 531
40.394531 40.000000 467 467
40.378906 40.000000 488 488
40.406250 40.000000 451 451
40.415039 40.000000 439 439
40.431641 40.000000 417 417
40.410156 40.000000 446 446
40.362305 40.000000 510 510
40.376953 40.000000 491 491
40.332031 40.000000 551 551
40.302734 40.000000 591 591
40.267578 40.000000 638 638
40.272461 40.000000 632 632
40.255859 40.000000 654 654
40.243164 40.000000 671 671
40.299805 40.000000 595 595
40.305664 40.000000 587 587
40.314453 40.000000 575 575
40.330078 40.000000 554 554
40.341797 40.000000 538 538
40.333984 40.000000 549 549
40.336914 40.000000 545 545
40.316406 40.000000 572 572
40.320313 40.000000 567 567
40.278320 40.000000 624 624
40.238281 40.000000 678 678
40.239258 40.000000 677 677
40.219727 40.000000 703 703
40.212891 40.000000 712 712
40.229492 40.000000 690 690
40.232422 40.000000 686 686
40.233398 40.000000 684 684
40.290039 40.000000 608 608
40.308594 40.000000 583 583
40.342773 40.000000 537 537
40.333008 40.000000 550 550
40.314453 40.000000 575 575
40.335938 40.000000 546 546
40.383789 40.000000 481 481
40.426758 40.000000 423 423
40.387695 40.000000 476 476
40.401367 40.000000 458 458
40.382813 40.000000 483 483
40.328125 40.000000 557 557
40.319336 40.000000 568 568
40.298828 40.000000 596 596
40.302734 40.000000 591 591
40.321289 40.000000 566 566
40.297852 40.000000 597 597
40.310547 40.000000 580 580
40.302734 40.000000 591 591
40.281250 40.000000 620 620
40.267578 40.000000 638 638
40.237305 40.000000 679 679
40.187500 40.000000 746 746
40.185547 40.000000 749 749
40.165039 40.000000 777 777
40.142578 40.000000 807 807
40.149414 40.000000 798 798
40.174805 40.000000 764 764
40.157227 40.000000 787 787
40.164063 40.000000 778 778
40.222656 40.000000 699 699
40.230469 40.000000 688 688
40.260742 40.000000 647 647
40.275391 40.000000 628 628
40.310547 40.000000 580 580
40.315430 40.000000 574 574
40.247070 40.000000 666 666
40.246094 40.000000 667 667
40.226563 40.000000 694 694
40.235352 40.000000 682 682
40.164063 40.000000 778 778
40.166016 40.000000 775 775
40.152344 40.000000 794 794
40.172852 40.000000 766 766
40.198242 40.000000 732 732
40.177734 40.000000 760 760
40.205078 40.000000 723 723
40.251953 40.000000 659 659
40.264648 40.000000 642 642
40.296875 40.000000 599 599
40.314453 40.000000 575 575
40.340820 40.000000 539 539
40.349609 40.000000 528 528
40.355469 40.000000 520 520
40.387695 40.000000 476 476
40.375000 40.000000 493 493
40.325195 40.000000 560 560
40.302734 40.000000 591 591
40.299805 40.000000 595 595
40.325195 40.000000 560 560
40.333984 40.000000 549 549
40.350586 40.000000 526 526
40.405273 40.000000 452 452
40.416016 40.000000 438 438
40.404297 40.000000 454 454
40.392578 40.000000 470 470
40.376953 40.000000 491 491
40.375977 40.000000 492 492
40.364258 40.000000 508 508
40.358398 40.000000 516 516
40.333984 40.000000 549 549
40.316406 40.000000 572 572
40.284180 40.000000 616 616
40.259766 40.000000 649 649
40.235352 40.000000 682 682
40.233398 40.000000 684 684
40.269531 40.000000 636 636
40.250977 40.000000 661 661
40.305664 40.000000 587 587
40.301758 40.000000 592 592
40.305664 40.000000 587 587
40.335938 40.000000 546 546
40.348633 40.000000 529 529
40.359375 40.000000 514 514
40.333984 40.000000 549 549
40.336914 40.000000 545 545
40.328125 40.000000 557 557
40.280273 40.000000 621 621
40.251953 40.000000 659 659
40.242188 40.000000 673 673
40.222656 40.000000 699 699
40.233398 40.000000 684 684
40.244141 40.000000 670 670
40.269531 40.000000 636 636
40.286133 40.000000 613 613
40.289063 40.000000 609 609
40.316406 40.000000 572 572
40.340820 40.000000 539 539
40.357422 40.000000 517 517
40.393555 40.000000 468 468
40.419922 40.000000 433 433
40.370117 40.000000 500 500
40.380859 40.000000 485 485
40.324219 40.000000 562 562
40.336914 40.000000 545 545
40.286133 40.000000 613 613
40.272461 40.000000 632 632
40.228516 40.000000 691 691
40.191406 40.000000 741 741
40.198242 40.000000 732 732
40.201172 40.000000 728 728
40.215820 40.000000 708 708
40.225586 40.000000 695 695
40.301758 40.000000 592 592
40.290039 40.000000 608 608
40.287109 40.000000 612 612
40.278320 40.000000 624 624
40.289063 40.000000 609 609
40.198242 40.000000 732 732
40.162109 40.000000 781 781
40.158203 40.000000 786 786

40.126953 40.000000 828 828
40.131836 40.000000 822 822
40.169922 40.000000 770 770
40.173828 40.000000 765 765
40.226563 40.000000 694 694
40.262695 40.000000 645 645
40.269531 40.000000 636 636
40.293945 40.000000 603 603
40.328125 40.000000 557 557
40.346680 40.000000 531 531
40.362305 40.000000 510 510
40.335938 40.000000 546 546
40.275391 40.000000 628 628
40.308594 40.000000 583 583
40.263672 40.000000 644 644
40.230469 40.000000 688 688
40.205078 40.000000 723 723
40.156250 40.000000 789 789
40.187500 40.000000 746 746
40.246094 40.000000 667 667
40.220703 40.000000 702 702
40.256836 40.000000 653 653
40.262695 40.000000 645 645
40.306641 40.000000 586 586
40.325195 40.000000 560 560
40.336914 40.000000 545 545
40.330078 40.000000 554 554
40.330078 40.000000 554 554
40.284180 40.000000 616 616
40.292969 40.000000 604 604
40.220703 40.000000 702 702
40.289063 40.000000 609 609
40.272461 40.000000 632 632
40.273438 40.000000 630 630
40.253906 40.000000 657 657
40.282227 40.000000 618 618
40.280273 40.000000 621 621
40.284180 40.000000 616 616
40.324219 40.000000 562 562
40.341797 40.000000 538 538
40.378906 40.000000 488 488
40.367188 40.000000 504 504
40.396484 40.000000 464 464
40.402344 40.000000 456 456
40.445313 40.000000 398 398
40.394531 40.000000 467 467
40.432617 40.000000 415 415
40.384766 40.000000 480 480
40.367188 40.000000 504 504
40.329102 40.000000 555 555
40.301758 40.000000 592 592
40.275391 40.000000 628 628
40.222656 40.000000 699 699
40.268555 40.000000 637 637
40.246094 40.000000 667 667
40.289063 40.000000 609 609
40.286133 40.000000 613 613
40.289063 40.000000 609 609
40.307617 40.000000 584 584
40.333008 40.000000 550 550
40.316406 40.000000 572 572
40.321289 40.000000 566 566
40.256836 40.000000 653 653
40.228516 40.000000 691 691
40.233398 40.000000 684 684
40.241211 40.000000 674 674
40.250977 40.000000 661 661
40.251953 40.000000 659 659
40.282227 40.000000 618 618
40.298828 40.000000 596 596
40.332031 40.000000 551 551
40.346680 40.000000 531 531
40.391602 40.000000 471 471
40.382813 40.000000 483 483
40.384766 40.000000 480 480
40.400391 40.000000 459 459
40.407227 40.000000 450 450
40.383789 40.000000 481 481
40.353516 40.000000 522 522
40.291016 40.000000 607 607
40.294922 40.000000 601 601
40.250000 40.000000 662 662
40.229492 40.000000 690 690
40.234375 40.000000 683 683
40.242188 40.000000 673 673
40.264648 40.000000 642 642
40.287109 40.000000 612 612
40.315430 40.000000 574 574
40.320313 40.000000 567 567
40.321289 40.000000 566 566
40.335938 40.000000 546 546
40.409180 40.000000 447 447
40.373047 40.000000 496 496
40.421875 40.000000 430 430
40.371094 40.000000 499 499
40.418945 40.000000 434 434
40.389648 40.000000 473 473
40.385742 40.000000 479 479
40.388672 40.000000 475 475
40.416016 40.000000 438 438

40.452148 40.000000 389 389
40.454102 40.000000 386 386
40.430664 40.000000 418 418
40.419922 40.000000 433 433
40.439453 40.000000 406 406
40.436523 40.000000 410 410
40.421875 40.000000 430 430
40.460938 40.000000 377 377
40.479492 40.000000 352 352
40.466797 40.000000 369 369
40.432617 40.000000 415 415
40.405273 40.000000 452 452
40.389648 40.000000 473 473
40.418945 40.000000 434 434
40.432617 40.000000 415 415
40.419922 40.000000 433 433
40.397461 40.000000 463 463
40.378906 40.000000 488 488
40.373047 40.000000 496 496
40.315430 40.000000 574 574
40.330078 40.000000 554 554
40.307617 40.000000 584 584
40.310547 40.000000 580 580
40.299805 40.000000 595 595
40.306641 40.000000 586 586
40.268555 40.000000 637 637
40.267578 40.000000 638 638
40.234375 40.000000 683 683
40.216797 40.000000 707 707
40.166016 40.000000 775 775
40.174805 40.000000 764 764
40.169922 40.000000 770 770
40.155273 40.000000 790 790
40.161133 40.000000 782 782
40.181641 40.000000 754 754
40.172852 40.000000 766 766
40.232422 40.000000 686 686
40.233398 40.000000 684 684
40.251953 40.000000 659 659
40.281250 40.000000 620 620
40.262695 40.000000 645 645
40.282227 40.000000 618 618
40.289063 40.000000 609 609
40.339844 40.000000 541 541
40.302734 40.000000 591 591
40.335938 40.000000 546 546
40.333008 40.000000 550 550
40.342773 40.000000 537 537
40.303711 40.000000 589 589
40.246094 40.000000 667 667
40.117188 40.000000 841 841
40.047852 40.000000 935 935
40.106445 40.000000 856 856
40.142578 40.000000 807 807
40.230469 40.000000 688 688
40.271484 40.000000 633 633
40.299805 40.000000 595 595
40.308594 40.000000 583 583
40.329102 40.000000 555 555
40.302734 40.000000 591 591
40.291016 40.000000 607 607
40.271484 40.000000 633 633
40.333008 40.000000 550 550
40.355469 40.000000 520 520
40.337891 40.000000 543 543
40.342773 40.000000 537 537
40.348633 40.000000 529 529
40.405273 40.000000 452 452
40.422852 40.000000 429 429
40.404297 40.000000 454 454
40.402344 40.000000 456 456
40.376953 40.000000 491 491
40.319336 40.000000 568 568
40.327148 40.000000 558 558
40.275391 40.000000 628 628
40.256836 40.000000 653 653
40.215820 40.000000 708 708
40.215820 40.000000 708 708
40.263672 40.000000 644 644
40.286133 40.000000 613 613
40.269531 40.000000 636 636
40.329102 40.000000 555 555
40.320313 40.000000 567 567
40.370117 40.000000 500 500
40.364258 40.000000 508 508
40.404297 40.000000 454 454
40.357422 40.000000 517 517
40.359375 40.000000 514 514
40.353516 40.000000 522 522
40.325195 40.000000 560 560
40.276367 40.000000 626 626
40.272461 40.000000 632 632
40.234375 40.000000 683 683
40.219727 40.000000 703 703
40.212891 40.000000 712 712
40.213867 40.000000 711 711
40.235352 40.000000 682 682
40.233398 40.000000 684 684
40.250000 40.000000 662 662
40.302734 40.000000 591 591
40.328125 40.000000 557 557
40.335938 40.000000 546 546
40.370117 40.000000 500 500
40.415039 40.000000 439 439
40.407227 40.000000 450 450
40.380859 40.000000 485 485
40.368164 40.000000 502 502
40.387695 40.000000 476 476
40.402344 40.000000 456 456
40.417969 40.000000 435 435
40.432617 40.000000 415 415
40.410156 40.000000 446 446
40.389648 40.000000 473 473
40.388672 40.000000 475 475
40.376953 40.000000 491 491
40.392578 40.000000 470 470
40.416016 40.000000 438 438
40.348633 40.000000 529 529
40.344727 40.000000 534 534
40.336914 40.000000 545 545
40.291016 40.000000 607 607
40.275391 40.000000 628 628
40.244141 40.000000 670 670
40.208984 40.000000 717 717
40.234375 40.000000 683 683
40.195313 40.000000 736 736
40.187500 40.000000 746 746
40.179688 40.000000 757 757
40.133789 40.000000 819 819
40.106445 40.000000 856 856
40.142578 40.000000 807 807
40.155273 40.000000 790 790
40.185547 40.000000 749 749
40.198242 40.000000 732 732
40.224609 40.000000 696 696
40.225586 40.000000 695 695
40.272461 40.000000 632 632
40.280273 40.000000 621 621
40.271484 40.000000 633 633
40.269531 40.000000 636 636
40.230469 40.000000 688 688
40.237305 40.000000 679 679
40.211914 40.000000 713 713
40.177734 40.000000 760 760
40.147461 40.000000 800 800
40.134766 40.000000 818 818
40.148438 40.000000 799 799
40.144531 40.000000 804 804
40.215820 40.000000 708 708
40.181641 40.000000 754 754
40.254883 40.000000 655 655
40.258789 40.000000 650 650
40.294922 40.000000 601 601
40.302734 40.000000 591 591
40.306641 40.000000 586 586
40.284180 40.000000 616 616
40.217773 40.000000 706 706
40.259766 40.000000 649 649
40.328125 40.000000 557 557
40.329102 40.000000 555 555
40.328125 40.000000 557 557
40.397461 40.000000 463 463
40.398438 40.000000 462 462
40.413086 40.000000 442 442
40.421875 40.000000 430 430
40.375977 40.000000 492 492
40.375000 40.000000 493 493
40.341797 40.000000 538 538
40.314453 40.000000 575 575
40.258789 40.000000 650 650
40.254883 40.000000 655 655
40.243164 40.000000 671 671
40.239258 40.000000 677 677
40.250000 40.000000 662 662
40.278320 40.000000 624 624
40.290039 40.000000 608 608
40.345703 40.000000 533 533
40.340820 40.000000 539 539
40.358398 40.000000 516 516
40.318359 40.000000 570 570
40.329102 40.000000 555 555
40.294922 40.000000 601 601
40.263672 40.000000 644 644
40.226563 40.000000 694 694
40.208984 40.000000 717 717
40.224609 40.000000 696 696
40.228516 40.000000 691 691
40.213867 40.000000 711 711
40.208984 40.000000 717 717
40.235352 40.000000 682 682
40.286133 40.000000 613 613
40.290039 40.000000 608 608
40.330078 40.000000 554 554
40.358398 40.000000 516 516
40.388672 40.000000 475 475
40.348633 40.000000 529 529
40.373047 40.000000 496 496
40.382813 40.000000 483 483
40.335938 40.000000 546 546

40.336914 40.000000 545 545
40.281250 40.000000 620 620
40.244141 40.000000 670 670
40.220703 40.000000 702 702
40.208008 40.000000 719 719
40.217773 40.000000 706 706
40.211914 40.000000 713 713
40.233398 40.000000 684 684
40.238281 40.000000 678 678
40.265625 40.000000 641 641
40.276367 40.000000 626 626
40.327148 40.000000 558 558
40.318359 40.000000 570 570
40.321289 40.000000 566 566
40.327148 40.000000 558 558
40.282227 40.000000 618 618
40.264648 40.000000 642 642
40.259766 40.000000 649 649
40.248047 40.000000 665 665
40.297852 40.000000 597 597
40.312500 40.000000 578 578
40.303711 40.000000 589 589
40.357422 40.000000 517 517
40.328125 40.000000 557 557
40.323242 40.000000 563 563
40.305664 40.000000 587 587
40.305664 40.000000 587 587
40.258789 40.000000 650 650
40.253906 40.000000 657 657
40.196289 40.000000 735 735
40.177734 40.000000 760 760
40.166016 40.000000 775 775
40.166016 40.000000 775 775
40.226563 40.000000 694 694
40.196289 40.000000 735 735
40.230469 40.000000 688 688
40.203125 40.000000 725 725
40.234375 40.000000 683 683
40.253906 40.000000 657 657
40.237305 40.000000 679 679
40.267578 40.000000 638 638
40.306641 40.000000 586 586
40.293945 40.000000 603 603
40.325195 40.000000 560 560
40.298828 40.000000 596 596
40.290039 40.000000 608 608
40.293945 40.000000 603 603
40.199219 40.000000 731 731
40.211914 40.000000 713 713
40.168945 40.000000 771 771
40.139648 40.000000 811 811
40.101563 40.000000 862 862
40.135742 40.000000 816 816
40.176758 40.000000 761 761
40.212891 40.000000 712 712
40.222656 40.000000 699 699
40.271484 40.000000 633 633
40.308594 40.000000 583 583
40.267578 40.000000 638 638
40.311523 40.000000 579 579
40.325195 40.000000 560 560
40.349609 40.000000 528 528
40.363281 40.000000 509 509
40.372070 40.000000 497 497
40.441406 40.000000 404 404
40.436523 40.000000 410 410
40.423828 40.000000 427 427
40.379883 40.000000 487 487
40.400391 40.000000 459 459
40.368164 40.000000 502 502
40.378906 40.000000 488 488
40.396484 40.000000 464 464
40.401367 40.000000 458 458
40.397461 40.000000 463 463
40.393555 40.000000 468 468
40.368164 40.000000 502 502
40.342773 40.000000 537 537
40.312500 40.000000 578 578
40.273438 40.000000 630 630
40.267578 40.000000 638 638
40.264648 40.000000 642 642
40.258789 40.000000 650 650
40.302734 40.000000 591 591
40.292969 40.000000 604 604
40.316406 40.000000 572 572
40.348633 40.000000 529 529
40.311523 40.000000 579 579
40.342773 40.000000 537 537
40.404297 40.000000 454 454
40.413086 40.000000 442 442
40.348633 40.000000 529 529
40.367188 40.000000 504 504
40.328125 40.000000 557 557
40.350586 40.000000 526 526
40.291016 40.000000 607 607
40.259766 40.000000 649 649
40.229492 40.000000 690 690
40.216797 40.000000 707 707
40.217773 40.000000 706 706
40.176758 40.000000 761 761
40.205078 40.000000 723 723
40.189453 40.000000 744 744
40.244141 40.000000 670 670
40.281250 40.000000 620 620
40.311523 40.000000 579 579
40.359375 40.000000 514 514
40.348633 40.000000 529 529
40.375977 40.000000 492 492
40.417969 40.000000 435 435
40.434570 40.000000 413 413
40.423828 40.000000 427 427
40.421875 40.000000 430 430
40.402344 40.000000 456 456
40.404297 40.000000 454 454
40.370117 40.000000 500 500
40.404297 40.000000 454 454
40.427734 40.000000 422 422
40.421875 40.000000 430 430
40.437500 40.000000 409 409
40.424805 40.000000 426 426
40.423828 40.000000 427 427
40.367188 40.000000 504 504
40.358398 40.000000 516 516
40.341797 40.000000 538 538
40.296875 40.000000 599 599
40.291016 40.000000 607 607
40.306641 40.000000 586 586
40.308594 40.000000 583 583
40.296875 40.000000 599 599
40.296875 40.000000 599 599
40.251953 40.000000 659 659
40.251953 40.000000 659 659
40.230469 40.000000 688 688
40.192383 40.000000 740 740
40.179688 40.000000 757 757
40.131836 40.000000 822 822
40.108398 40.000000 853 853
40.131836 40.000000 822 822
40.157227 40.000000 787 787
40.178711 40.000000 758 758
40.233398 40.000000 684 684
40.265625 40.000000 641 641
40.303711 40.000000 589 589
40.319336 40.000000 568 568
40.314453 40.000000 575 575
40.349609 40.000000 528 528
40.371094 40.000000 499 499
40.378906 40.000000 488 488
40.383789 40.000000 481 481
40.344727 40.000000 534 534
40.319336 40.000000 568 568
40.348633 40.000000 529 529
40.327148 40.000000 558 558
40.361328 40.000000 512 512
40.366211 40.000000 505 505
40.406250 40.000000 451 451
40.388672 40.000000 475 475
40.417969 40.000000 435 435
40.414063 40.000000 441 441
40.417969 40.000000 435 435
40.416016 40.000000 438 438
40.387695 40.000000 476 476
40.375977 40.000000 492 492
40.344727 40.000000 534 534
40.319336 40.000000 568 568
40.290039 40.000000 608 608
40.276367 40.000000 626 626
40.272461 40.000000 632 632
40.278320 40.000000 624 624
40.292969 40.000000 604 604
40.308594 40.000000 583 583
40.311523 40.000000 579 579
40.320313 40.000000 567 567
40.363281 40.000000 509 509
40.336914 40.000000 545 545
40.361328 40.000000 512 512
40.303711 40.000000 589 589
40.292969 40.000000 604 604
40.267578 40.000000 638 638
40.275391 40.000000 628 628
40.250977 40.000000 661 661
40.248047 40.000000 665 665
40.256836 40.000000 653 653
40.256836 40.000000 653 653
40.250000 40.000000 662 662
40.324219 40.000000 562 562
40.333008 40.000000 550 550
40.318359 40.000000 570 570
40.355469 40.000000 520 520
40.392578 40.000000 470 470
40.422852 40.000000 429 429
40.443359 40.000000 401 401
40.423828 40.000000 427 427
40.443359 40.000000 401 401
40.452148 40.000000 389 389
40.437500 40.000000 409 409
40.417969 40.000000 435 435
40.348633 40.000000 529 529
40.330078 40.000000 554 554
40.314453 40.000000 575 575
40.297852 40.000000 597 597
40.265625 40.000000 641 641
40.232422 40.000000 686 686
40.210938 40.000000 715 715
40.224609 40.000000 696 696
40.215820 40.000000 708 708
40.234375 40.000000 683 683
40.247070 40.000000 666 666
40.251953 40.000000 659 659
40.269531 40.000000 636 636
40.250000 40.000000 662 662
40.246094 40.000000 667 667
40.216797 40.000000 707 707
40.181641 40.000000 754 754
40.190430 40.000000 742 742
40.178711 40.000000 758 758
40.198242 40.000000 732 732
40.234375 40.000000 683 683
40.237305 40.000000 679 679
40.208008 40.000000 719 719
40.217773 40.000000 706 706
40.225586 40.000000 695 695
40.225586 40.000000 695 695
40.242188 40.000000 673 673
40.243164 40.000000 671 671
40.198242 40.000000 732 732
40.168945 40.000000 771 771
40.169922 40.000000 770 770
40.155273 40.000000 790 790
40.189453 40.000000 744 744
40.201172 40.000000 728 728
40.242188 40.000000 673 673
40.233398 40.000000 684 684
40.233398 40.000000 684 684
40.242188 40.000000 673 673
40.195313 40.000000 736 736
40.201172 40.000000 728 728
40.190430 40.000000 742 742
40.186523 40.000000 748 748
40.177734 40.000000 760 760
40.216797 40.000000 707 707
40.230469 40.000000 688 688
40.285156 40.000000 615 615
40.277344 40.000000 625 625
40.250977 40.000000 661 661
40.263672 40.000000 644 644
40.267578 40.000000 638 638

40.282227 40.000000 618 618
40.281250 40.000000 620 620
40.310547 40.000000 580 580
40.358398 40.000000 516 516
40.367188 40.000000 504 504
40.354492 40.000000 521 521
40.345703 40.000000 533 533
40.330078 40.000000 554 554
40.332031 40.000000 551 551
40.342773 40.000000 537 537
40.335938 40.000000 546 546
40.354492 40.000000 521 521
40.391602 40.000000 471 471
40.404297 40.000000 454 454
40.367188 40.000000 504 504
40.319336 40.000000 568 568
40.306641 40.000000 586 586
40.296875 40.000000 599 599
40.247070 40.000000 666 666
40.187500 40.000000 746 746
40.213867 40.000000 711 711
40.213867 40.000000 711 711
40.269531 40.000000 636 636
40.263672 40.000000 644 644
40.253906 40.000000 657 657
40.312500 40.000000 578 578
40.330078 40.000000 554 554
40.324219 40.000000 562 562
40.321289 40.000000 566 566
40.301758 40.000000 592 592
40.278320 40.000000 624 624
40.273438 40.000000 630 630
40.250977 40.000000 661 661
40.273438 40.000000 630 630
40.298828 40.000000 596 596
40.330078 40.000000 554 554
40.373047 40.000000 496 496
40.332031 40.000000 551 551
40.368164 40.000000 502 502
40.335938 40.000000 546 546
40.307617 40.000000 584 584
40.301758 40.000000 592 592
40.250977 40.000000 661 661
40.254883 40.000000 655 655
40.238281 40.000000 678 678
40.229492 40.000000 690 690
40.192383 40.000000 740 740
40.211914 40.000000 713 713
40.160156 40.000000 783 783
40.148438 40.000000 799 799
40.129883 40.000000 824 824
40.142578 40.000000 807 807
40.153320 40.000000 793 793
40.190430 40.000000 742 742
40.194336 40.000000 737 737
40.225586 40.000000 695 695
40.238281 40.000000 678 678
40.267578 40.000000 638 638
40.278320 40.000000 624 624
40.277344 40.000000 625 625
40.253906 40.000000 657 657
40.256836 40.000000 653 653
40.221680 40.000000 700 700
40.216797 40.000000 707 707
40.183594 40.000000 752 752
40.198242 40.000000 732 732
40.157227 40.000000 787 787
40.208008 40.000000 719 719
40.226563 40.000000 694 694
40.194336 40.000000 737 737
40.204102 40.000000 724 724
40.281250 40.000000 620 620
40.280273 40.000000 621 621
40.310547 40.000000 580 580
40.303711 40.000000 589 589
40.341797 40.000000 538 538
40.344727 40.000000 534 534
40.329102 40.000000 555 555
40.301758 40.000000 592 592
40.232422 40.000000 686 686
40.258789 40.000000 650 650
40.220703 40.000000 702 702
40.228516 40.000000 691 691
40.212891 40.000000 712 712
40.169922 40.000000 770 770
40.181641 40.000000 754 754
40.226563 40.000000 694 694
40.221680 40.000000 700 700
40.246094 40.000000 667 667
40.246094 40.000000 667 667
40.233398 40.000000 684 684
40.246094 40.000000 667 667
40.243164 40.000000 671 671
40.286133 40.000000 613 613
40.276367 40.000000 626 626
40.293945 40.000000 603 603
40.339844 40.000000 541 541
40.336914 40.000000 545 545
40.370117 40.000000 500 500
40.391602 40.000000 471 471
40.370117 40.000000 500 500
40.375977 40.000000 492 492
40.444336 40.000000 400 400
40.430664 40.000000 418 418
40.422852 40.000000 429 429
40.363281 40.000000 509 509
40.357422 40.000000 517 517
40.337891 40.000000 543 543
40.302734 40.000000 591 591
40.263672 40.000000 644 644
40.268555 40.000000 637 637
40.213867 40.000000 711 711
40.239258 40.000000 677 677
40.247070 40.000000 666 666
40.242188 40.000000 673 673
40.259766 40.000000 649 649
40.298828 40.000000 596 596
40.330078 40.000000 554 554
40.361328 40.000000 512 512
40.333984 40.000000 549 549
40.333008 40.000000 550 550
40.314453 40.000000 575 575
40.296875 40.000000 599 599
40.258789 40.000000 650 650
40.229492 40.000000 690 690
40.243164 40.000000 671 671
40.244141 40.000000 670 670
40.271484 40.000000 633 633
40.275391 40.000000 628 628
40.280273 40.000000 621 621
40.291016 40.000000 607 607
40.312500 40.000000 578 578
40.355469 40.000000 520 520
40.354492 40.000000 521 521
40.396484 40.000000 464 464
40.421875 40.000000 430 430
40.465820 40.000000 371 371
40.432617 40.000000 415 415
40.437500 40.000000 409 409
40.387695 40.000000 476 476
40.397461 40.000000 463 463
40.375977 40.000000 492 492
40.329102 40.000000 555 555
40.319336 40.000000 568 568
40.305664 40.000000 587 587
40.251953 40.000000 659 659
40.250000 40.000000 662 662
40.229492 40.000000 690 690
40.221680 40.000000 700 700
40.246094 40.000000 667 667
40.259766 40.000000 649 649
40.308594 40.000000 583 583
40.303711 40.000000 589 589
40.301758 40.000000 592 592
40.385742 40.000000 479 479
40.340820 40.000000 539 539
40.357422 40.000000 517 517
40.355469 40.000000 520 520
40.340820 40.000000 539 539
40.330078 40.000000 554 554
40.277344 40.000000 625 625
40.237305 40.000000 679 679
40.246094 40.000000 667 667
40.277344 40.000000 625 625
40.291016 40.000000 607 607
40.262695 40.000000 645 645
40.230469 40.000000 688 688
40.220703 40.000000 702 702
40.221680 40.000000 700 700
40.179688 40.000000 757 757
40.170898 40.000000 769 769
40.174805 40.000000 764 764
40.176758 40.000000 761 761
40.204102 40.000000 724 724
40.205078 40.000000 723 723
40.228516 40.000000 691 691
40.210938 40.000000 715 715
40.246094 40.000000 667 667
40.244141 40.000000 670 670
40.265625 40.000000 641 641
40.268555 40.000000 637 637
40.251953 40.000000 659 659
40.176758 40.000000 761 761
40.186523 40.000000 748 748
40.201172 40.000000 728 728
40.225586 40.000000 695 695
40.195313 40.000000 736 736
40.192383 40.000000 740 740
40.198242 40.000000 732 732
40.208008 40.000000 719 719
40.262695 40.000000 645 645
40.256836 40.000000 653 653
40.289063 40.000000 609 609
40.278320 40.000000 624 624
40.296875 40.000000 599 599
40.296875 40.000000 599 599
40.305664 40.000000 587 587
40.357422 40.000000 517 517
40.337891 40.000000 543 543
40.414063 40.000000 441 441
40.342773 40.000000 537 537
40.345703 40.000000 533 533
40.310547 40.000000 580 580
40.293945 40.000000 603 603
40.262695 40.000000 645 645
40.228516 40.000000 691 691
40.216797 40.000000 707 707
40.221680 40.000000 700 700
40.161133 40.000000 782 782
40.143555 40.000000 806 806
40.179688 40.000000 757 757
40.225586 40.000000 695 695
40.258789 40.000000 650 650
40.267578 40.000000 638 638
40.303711 40.000000 589 589
40.302734 40.000000 591 591
40.307617 40.000000 584 584
40.286133 40.000000 613 613
40.243164 40.000000 671 671
40.230469 40.000000 688 688
40.224609 40.000000 696 696
40.219727 40.000000 703 703
40.208008 40.000000 719 719
40.229492 40.000000 690 690
40.277344 40.000000 625 625
40.293945 40.000000 603 603
40.311523 40.000000 579 579
40.333008 40.000000 550 550
40.361328 40.000000 512 512
40.379883 40.000000 487 487
40.392578 40.000000 470 470
40.384766 40.000000 480 480
40.349609 40.000000 528 528
40.358398 40.000000 516 516
40.337891 40.000000 543 543
40.370117 40.000000 500 500
40.357422 40.000000 517 517
40.328125 40.000000 557 557
40.315430 40.000000 574 574
40.267578 40.000000 638 638
40.265625 40.000000 641 641
40.248047 40.000000 665 665
40.199219 40.000000 731 731
40.181641 40.000000 754 754
40.152344 40.000000 794 794
40.158203 40.000000 786 786
40.146484 40.000000 802 802
40.139648 40.000000 811 811
40.125000 40.000000 831 831
40.176758 40.000000 761 761
40.178711 40.000000 758 758
40.247070 40.000000 666 666

40.253906 40.000000 657 657
40.269531 40.000000 636 636
40.292969 40.000000 604 604
40.327148 40.000000 558 558
40.318359 40.000000 570 570
40.361328 40.000000 512 512
40.320313 40.000000 567 567
40.301758 40.000000 592 592
40.302734 40.000000 591 591
40.315430 40.000000 574 574
40.228516 40.000000 691 691
40.178711 40.000000 758 758
40.190430 40.000000 742 742
40.146484 40.000000 802 802
40.139648 40.000000 811 811
40.164063 40.000000 778 778
40.164063 40.000000 778 778
40.191406 40.000000 741 741
40.220703 40.000000 702 702
40.235352 40.000000 682 682
40.277344 40.000000 625 625
40.310547 40.000000 580 580
40.301758 40.000000 592 592
40.302734 40.000000 591 591
40.325195 40.000000 560 560
40.359375 40.000000 514 514
40.371094 40.000000 499 499
40.358398 40.000000 516 516
40.333984 40.000000 549 549
40.320313 40.000000 567 567
40.306641 40.000000 586 586
40.363281 40.000000 509 509
40.348633 40.000000 529 529
40.321289 40.000000 566 566
40.303711 40.000000 589 589
40.303711 40.000000 589 589
40.292969 40.000000 604 604
40.299805 40.000000 595 595
40.325195 40.000000 560 560

40.366211 40.000000 505 505
40.379883 40.000000 487 487
40.397461 40.000000 463 463
40.402344 40.000000 456 456
