29.338867 40.000000 2599 2599
29.475586 40.000000 2578 2578
29.680664 40.000000 2547 2547
29.956055 40.000000 2506 2506
30.255859 40.000000 2461 2461
30.550781 40.000000 2417 2417
30.809570 40.000000 2378 2378
31.109375 40.000000 2333 2333
31.376953 40.000000 2293 2293
31.616211 40.000000 2257 2257
31.861328 40.000000 2220 2220
32.098633 40.000000 2185 2185

32.318359 40.000000 2152 2152
32.541016 40.000000 2118 2118
32.744141 40.000000 2088 2088
32.945313 40.000000 2058 2058
33.076172 40.000000 2038 2038
33.276367 40.000000 2008 2008
33.488281 40.000000 1976 1976
33.697266 40.000000 1945 1945
33.874023 40.000000 1918 1918
34.015625 40.000000 1897 1897
34.188477 40.000000 1871 1871
34.386719 40.000000 1841 1841
34.476563 40.000000 1828 1828
34.666016 40.000000 1800 1800
34.816406 40.000000 1777 1777
34.988281 40.000000 1751 1751
35.079102 40.000000 1738 1738
35.173828 40.000000 1723 1723
35.305664 40.000000 1704 1704
35.387695 40.000000 1691 1691
35.479492 40.000000 1678 1678
35.542969 40.000000 1668 1668
35.650391 40.000000 1652 1652
35.723633 40.000000 1641 1641
35.788086 40.000000 1631 1631
35.894531 40.000000 1615 1615
35.968750 40.000000 1604 1604
36.059570 40.000000 1591 1591
36.150391 40.000000 1577 1577
36.204102 40.000000 1569 1569
36.282227 40.000000 1557 1557
36.376953 40.000000 1543 1543
36.440430 40.000000 1533 1533
36.517578 40.000000 1522 1522
36.610352 40.000000 1508 1508
36.674805 40.000000 1498 1498
36.712891 40.000000 1493 1493
36.807617 40.000000 1478 1478
36.841797 40.000000 1473 1473
36.879883 40.000000 1468 1468
36.962891 40.000000 1455 1455
37.001953 40.000000 1449 1449
37.048828 40.000000 1442 1442
37.177734 40.000000 1423 1423
37.206055 40.000000 1419 1419
37.297852 40.000000 1405 1405
37.378906 40.000000 1393 1393
37.457031 40.000000 1381 1381
37.528320 40.000000 1370 1370
37.624023 40.000000 1356 1356
37.666016 40.000000 1350 1350
37.701172 40.000000 1344 1344
37.719727 40.000000 1342 1342
37.741211 40.000000 1338 1338
37.739258 40.000000 1339 1339
37.765625 40.000000 1335 1335
37.750000 40.000000 1337 1337
37.796875 40.000000 1330 1330
37.804688 40.000000 1329 1329
37.839844 40.000000 1324 1324
37.854492 40.000000 1321 1321
37.850586 40.000000 1322 1322
37.872070 40.000000 1319 1319
37.906250 40.000000 1314 1314
37.952148 40.000000 1307 1307
37.994141 40.000000 1300 1300
38.083008 40.000000 1287 1287
38.123047 40.000000 1281 1281
38.177734 40.000000 1273 1273
38.289063 40.000000 1256 1256
38.311523 40.000000 1253 1253
38.379883 40.000000 1243 1243
38.422852 40.000000 1236 1236
38.521484 40.000000 1221 1221
38.560547 40.000000 1215 1215
38.625000 40.000000 1206 1206
38.660156 40.000000 1200 1200
38.720703 40.000000 1191 1191
38.732422 40.000000 1190 1190
38.742188 40.000000 1188 1188
38.766602 40.000000 1185 1185
38.743164 40.000000 1188 1188
38.760742 40.000000 1185 1185
38.781250 40.000000 1182 1182
38.763672 40.000000 1185 1185
38.741211 40.000000 1188 1188
38.803711 40.000000 1179 1179
38.848633 40.000000 1172 1172
38.827148 40.000000 1175 1175
38.861328 40.000000 1170 1170
38.839844 40.000000 1174 1174
38.901367 40.000000 1164 1164
38.908203 40.000000 1163 1163
38.908203 40.000000 1163 1163
38.961914 40.000000 1155 1155
38.951172 40.000000 1157 1157
38.965820 40.000000 1155 1155
38.978516 40.000000 1153 1153
39.017578 40.000000 1147 1147
38.992188 40.000000 1151 1151
39.003906 40.000000 1149 1149
39.030273 40.000000 1145 1145
39.012695 40.000000 1148 1148
39.061523 40.000000 1140 1140
39.061523 40.000000 1140 1140
39.067383 40.000000 1139 1139
39.038086 40.000000 1144 1144
39.037109 40.000000 1144 1144
39.016602 40.000000 1147 1147
39.008789 40.000000 1148 1148
39.037109 40.000000 1144 1144
39.060547 40.000000 1140 1140
39.068359 40.000000 1139 1139
39.072266 40.000000 1139 1139
39.101563 40.000000 1134 1134
39.125977 40.000000 1131 1131
39.146484 40.000000 1128 1128
39.203125 40.000000 1119 1119
39.181641 40.000000 1122 1122
39.227539 40.000000 1115 1115
39.252930 40.000000 1112 1112
39.239258 40.000000 1114 1114
39.230469 40.000000 1115 1115
39.242188 40.000000 1113 1113
39.226563 40.000000 1116 1116
39.198242 40.000000 1120 1120
39.196289 40.000000 1120 1120
39.227539 40.000000 1115 1115
39.244141 40.000000 1113 1113
39.262695 40.000000 1110 1110
39.240234 40.000000 1113 1113
39.314453 40.000000 1102 1102
39.283203 40.000000 1107 1107
39.309570 40.000000 1103 1103
39.310547 40.000000 1103 1103
39.365234 40.000000 1095 1095
39.389648 40.000000 1091 1091
39.371094 40.000000 1094 1094
39.364258 40.000000 1095 1095
39.348633 40.000000 1097 1097
39.353516 40.000000 1096 1096
39.332031 40.000000 1100 1100
39.347656 40.000000 1097 1097
39.368164 40.000000 1094 1094
39.416992 40.000000 1087 1087
39.426758 40.000000 1085 1085
39.411133 40.000000 1088 1088
39.451172 40.000000 1082 1082
39.532227 40.000000 1070 1070
39.536133 40.000000 1069 1069
39.537109 40.000000 1069 1069
39.579102 40.000000 1063 1063
39.587891 40.000000 1061 1061
39.600586 40.000000 1059 1059
39.656250 40.000000 1051 1051
39.666016 40.000000 1050 1050
39.696289 40.000000 1045 1045
39.757813 40.000000 1036 1036
39.734375 40.000000 1039 1039
39.753906 40.000000 1036 1036
39.766602 40.000000 1035 1035
39.779297 40.000000 1033 1033
39.790039 40.000000 1031 1031
39.869141 40.000000 1019 1019
39.901367 40.000000 1014 1014
39.868164 40.000000 1019 1019
39.865234 40.000000 1020 1020
39.829102 40.000000 1025 1025
39.854492 40.000000 1021 1021
39.869141 40.000000 1019 1019
39.852539 40.000000 1022 1022
39.916016 40.000000 1012 1012
39.898438 40.000000 1015 1015
39.940430 40.000000 1008 1008
39.970703 40.000000 1004 1004
39.970703 40.000000 1004 1004
39.994141 40.000000 1000 1000
40.010742 40.000000 998 998
40.037109 40.000000 994 994
40.058594 40.000000 991 991
40.095703 40.000000 985 985
40.101563 40.000000 984 984
40.121094 40.000000 981 981
40.157227 40.000000 976 976
40.190430 40.000000 971 971
40.165039 40.000000 975 975
40.155273 40.000000 976 976
40.185547 40.000000 972 972
40.215820 40.000000 967 967
40.225586 40.000000 966 966
40.235352 40.000000 964 964
40.243164 40.000000 963 963
40.250000 40.000000 962 962
40.262695 40.000000 960 960
40.254883 40.000000 961 961
40.272461 40.000000 959 959
40.312500 40.000000 953 953
40.297852 40.000000 955 955
40.316406 40.000000 952 952
40.375000 40.000000 943 943
40.348633 40.000000 947 947
40.431641 40.000000 935 935
40.414063 40.000000 937 937
40.417969 40.000000 937 937
40.427734 40.000000 935 935
40.446289 40.000000 933 933
40.423828 40.000000 936 936
40.379883 40.000000 943 943
40.345703 40.000000 948 948
40.325195 40.000000 951 951
40.316406 40.000000 952 952
40.294922 40.000000 955 955
40.297852 40.000000 955 955
40.310547 40.000000 953 953
40.329102 40.000000 950 950
40.337891 40.000000 949 949
40.350586 40.000000 947 947
40.340820 40.000000 948 948
40.332031 40.000000 950 950
40.315430 40.000000 952 952
40.302734 40.000000 954 954
40.290039 40.000000 956 956
40.280273 40.000000 957 957
40.259766 40.000000 961 961
40.258789 40.000000 961 961
40.203125 40.000000 969 969
40.189453 40.000000 971 971
40.224609 40.000000 966 966
40.205078 40.000000 969 969
40.216797 40.000000 967 967
40.222656 40.000000 966 966
40.258789 40.000000 961 961
40.305664 40.000000 954 954
40.319336 40.000000 952 952
40.285156 40.000000 957 957
40.277344 40.000000 958 958
40.282227 40.000000 957 957
40.242188 40.000000 963 963
40.213867 40.000000 967 967
40.190430 40.000000 971 971
40.162109 40.000000 975 975
40.108398 40.000000 983 983
40.123047 40.000000 981 981
40.109375 40.000000 983 983
40.181641 40.000000 972 972
40.222656 40.000000 966 966
40.260742 40.000000 960 960
40.297852 40.000000 955 955
40.342773 40.000000 948 948
40.337891 40.000000 949 949
40.328125 40.000000 950 950
40.328125 40.000000 950 950
40.305664 40.000000 954 954
40.307617 40.000000 953 953
40.268555 40.000000 959 959
40.248047 40.000000 962 962
40.250000 40.000000 962 962
40.226563 40.000000 966 966
40.196289 40.000000 970 970
40.192383 40.000000 971 971
40.198242 40.000000 970 970
40.181641 40.000000 972 972
40.147461 40.000000 977 977
40.169922 40.000000 974 974
40.125000 40.000000 981 981
40.131836 40.000000 980 980
40.103516 40.000000 984 984
40.099609 40.000000 985 985
40.134766 40.000000 979 979
40.119141 40.000000 982 982
40.092773 40.000000 986 986
40.121094 40.000000 981 981
40.054688 40.000000 991 991
40.028320 40.000000 995 995

40.045898 40.000000 993 993
40.044922 40.000000 993 993
40.027344 40.000000 995 995
40.019531 40.000000 997 997
40.028320 40.000000 995 995
39.988281 40.000000 1001 1001
39.967773 40.000000 1004 1004
39.949219 40.000000 1007 1007
39.937500 40.000000 1009 1009
39.901367 40.000000 1014 1014
39.911133 40.000000 1013 1013
39.907227 40.000000 1013 1013
39.931641 40.000000 1010 1010
39.877930 40.000000 1018 1018
39.891602 40.000000 1016 1016
39.893555 40.000000 1015 1015
39.932617 40.000000 1010 1010
39.966797 40.000000 1004 1004
39.989258 40.000000 1001 1001
40.028320 40.000000 995 995
40.084961 40.000000 987 987
40.125977 40.000000 981 981
40.140625 40.000000 978 978
40.155273 40.000000 976 976
40.213867 40.000000 967 967
40.244141 40.000000 963 963
40.228516 40.000000 965 965
40.316406 40.000000 952 952
40.337891 40.000000 949 949
40.348633 40.000000 947 947
40.384766 40.000000 942 942
40.391602 40.000000 941 941
40.330078 40.000000 950 950
40.358398 40.000000 946 946
40.323242 40.000000 951 951
40.325195 40.000000 951 951
40.308594 40.000000 953 953
40.320313 40.000000 951 951
40.272461 40.000000 959 959
40.302734 40.000000 954 954
40.275391 40.000000 958 958
40.286133 40.000000 957 957
40.247070 40.000000 962 962
40.278320 40.000000 958 958
40.275391 40.000000 958 958
40.332031 40.000000 950 950
40.368164 40.000000 944 944
40.392578 40.000000 941 941
40.439453 40.000000 934 934
40.456055 40.000000 931 931
40.437500 40.000000 934 934
40.464844 40.000000 930 930
40.436523 40.000000 934 934
40.443359 40.000000 933 933
40.411133 40.000000 938 938
40.432617 40.000000 935 935
40.417969 40.000000 937 937
40.411133 40.000000 938 938
40.364258 40.000000 945 945
40.353516 40.000000 946 946
40.400391 40.000000 939 939
40.435547 40.000000 934 934
40.470703 40.000000 929 929
40.458008 40.000000 931 931
40.475586 40.000000 928 928
40.496094 40.000000 925 925
40.492188 40.000000 926 926
40.478516 40.000000 928 928
40.486328 40.000000 927 927
40.499023 40.000000 925 925
40.499023 40.000000 925 925
40.500000 40.000000 925 925
40.458984 40.000000 931 931
40.453125 40.000000 932 932
40.496094 40.000000 925 925
40.551758 40.000000 917 917
40.559570 40.000000 916 916
40.590820 40.000000 911 911
40.582031 40.000000 912 912
40.563477 40.000000 915 915
40.590820 40.000000 911 911
40.589844 40.000000 911 911
40.536133 40.000000 919 919
40.535156 40.000000 919 919
40.538086 40.000000 919 919
40.496094 40.000000 925 925
40.518555 40.000000 922 922
40.500000 40.000000 925 925
40.504883 40.000000 924 924
40.544922 40.000000 918 918
40.590820 40.000000 911 911
40.613281 40.000000 908 908
40.641602 40.000000 903 903
40.650391 40.000000 902 902
40.643555 40.000000 903 903
40.660156 40.000000 900 900
40.664063 40.000000 900 900
40.646484 40.000000 903 903
40.634766 40.000000 904 904
40.637695 40.000000 904 904
40.608398 40.000000 908 908
40.596680 40.000000 910 910
40.599609 40.000000 910 910
40.595703 40.000000 910 910
40.609375 40.000000 908 908
40.645508 40.000000 903 903
40.682617 40.000000 897 897
40.716797 40.000000 892 892
40.738281 40.000000 889 889
40.744141 40.000000 888 888
40.729492 40.000000 890 890
40.712891 40.000000 893 893
40.709961 40.000000 893 893
40.720703 40.000000 891 891
40.709961 40.000000 893 893
40.701172 40.000000 894 894
40.718750 40.000000 892 892
40.677734 40.000000 898 898
40.685547 40.000000 897 897
40.673828 40.000000 898 898
40.670898 40.000000 899 899
40.629883 40.000000 905 905
40.634766 40.000000 904 904
40.615234 40.000000 907 907
40.568359 40.000000 914 914
40.606445 40.000000 909 909
40.625000 40.000000 906 906
40.654297 40.000000 901 901
40.668945 40.000000 899 899
40.719727 40.000000 892 892
40.774414 40.000000 883 883
40.797852 40.000000 880 880
40.860352 40.000000 870 870
40.833008 40.000000 875 875
40.831055 40.000000 875 875
40.761719 40.000000 885 885
40.702148 40.000000 894 894
40.641602 40.000000 903 903
40.652344 40.000000 902 902
40.672852 40.000000 899 899
40.686523 40.000000 897 897
40.682617 40.000000 897 897
40.663086 40.000000 900 900
40.701172 40.000000 894 894
40.694336 40.000000 895 895
40.755859 40.000000 886 886
40.804688 40.000000 879 879
40.841797 40.000000 873 873
40.840820 40.000000 873 873
40.824219 40.000000 876 876
40.802734 40.000000 879 879
40.801758 40.000000 879 879
40.804688 40.000000 879 879
40.819336 40.000000 877 877
40.805664 40.000000 879 879
40.787109 40.000000 881 881
40.766602 40.000000 885 885
40.787109 40.000000 881 881
40.762695 40.000000 885 885
40.785156 40.000000 882 882
40.750000 40.000000 887 887
40.767578 40.000000 884 884
40.765625 40.000000 885 885
40.733398 40.000000 889 889
40.729492 40.000000 890 890
40.724609 40.000000 891 891
40.720703 40.000000 891 891
40.704102 40.000000 894 894
40.729492 40.000000 890 890
40.703125 40.000000 894 894
40.709961 40.000000 893 893
40.710938 40.000000 893 893
40.708008 40.000000 893 893
40.727539 40.000000 890 890
40.703125 40.000000 894 894
40.710938 40.000000 893 893
40.673828 40.000000 898 898
40.697266 40.000000 895 895
40.694336 40.000000 895 895
40.697266 40.000000 895 895
40.725586 40.000000 891 891
40.684570 40.000000 897 897
40.753906 40.000000 886 886
40.725586 40.000000 891 891
40.783203 40.000000 882 882
40.800781 40.000000 879 879
40.788086 40.000000 881 881
40.785156 40.000000 882 882
40.755859 40.000000 886 886
40.750000 40.000000 887 887
40.734375 40.000000 889 889
40.768555 40.000000 884 884
40.736328 40.000000 889 889
40.765625 40.000000 885 885
40.759766 40.000000 886 886
40.762695 40.000000 885 885
40.766602 40.000000 885 885
40.750977 40.000000 887 887
40.719727 40.000000 892 892
40.767578 40.000000 884 884
40.775391 40.000000 883 883
40.836914 40.000000 874 874
40.845703 40.000000 873 873
40.910156 40.000000 863 863
40.940430 40.000000 858 858
40.976563 40.000000 853 853
41.017578 40.000000 847 847
41.047852 40.000000 842 842

41.089844 40.000000 836 836
41.089844 40.000000 836 836
41.099609 40.000000 835 835
41.148438 40.000000 827 827
41.185547 40.000000 822 822
41.230469 40.000000 815 815
41.249023 40.000000 812 812
41.249023 40.000000 812 812
41.245117 40.000000 813 813
41.235352 40.000000 814 814
41.236328 40.000000 814 814
41.207031 40.000000 818 818
41.133789 40.000000 829 829
41.128906 40.000000 830 830
41.149414 40.000000 827 827
41.083984 40.000000 837 837
41.084961 40.000000 837 837
41.078125 40.000000 838 838
41.078125 40.000000 838 838
41.083984 40.000000 837 837
41.088867 40.000000 836 836
41.124023 40.000000 831 831
41.129883 40.000000 830 830
41.139648 40.000000 829 829
41.148438 40.000000 827 827
41.157227 40.000000 826 826
41.155273 40.000000 826 826
41.166016 40.000000 825 825
41.146484 40.000000 828 828
41.123047 40.000000 831 831
41.136719 40.000000 829 829
41.107422 40.000000 833 833
41.126953 40.000000 830 830
41.094727 40.000000 835 835
41.082031 40.000000 837 837
41.086914 40.000000 836 836
41.097656 40.000000 835 835
41.110352 40.000000 833 833
41.093750 40.000000 835 835
41.118164 40.000000 832 832
41.136719 40.000000 829 829
41.145508 40.000000 828 828
41.131836 40.000000 830 830
41.150391 40.000000 827 827
41.120117 40.000000 831 831
41.116211 40.000000 832 832
41.093750 40.000000 835 835
41.054688 40.000000 841 841
41.060547 40.000000 840 840
41.078125 40.000000 838 838
41.076172 40.000000 838 838
41.069336 40.000000 839 839
41.069336 40.000000 839 839
41.062500 40.000000 840 840
41.016602 40.000000 847 847
41.000977 40.000000 849 849
41.037109 40.000000 844 844
41.022461 40.000000 846 846
40.998047 40.000000 850 850
41.013672 40.000000 847 847
41.015625 40.000000 847 847
41.024414 40.000000 846 846
41.010742 40.000000 848 848
41.053711 40.000000 841 841
41.092773 40.000000 836 836
41.088867 40.000000 836 836
41.110352 40.000000 833 833
41.090820 40.000000 836 836
41.114258 40.000000 832 832
41.111328 40.000000 833 833
41.099609 40.000000 835 835
41.102539 40.000000 834 834
41.121094 40.000000 831 831
41.092773 40.000000 836 836
