26.875977 40.000000 16748.83 16748 16748
28.644531 40.000000 14626.56 14626 14626
30.820313 40.000000 12015.63 12015 12015
32.683594 40.000000 9779.69 9779 9779
34.006836 40.000000 8191.80 8191 8191
34.871094 40.000000 7154.69 7154 7154
35.402344 40.000000 6517.19 6517 6517
35.796875 40.000000 6043.75 6043 6043
36.064453 40.000000 5722.66 5722 5722
36.273438 40.000000 5471.88 5471 5471
36.424805 40.000000 5290.23 5290 5290
36.580078 40.000000 5103.91 5103 5103
36.746094 40.000000 4904.69 4904 4904
36.875000 40.000000 4750.00 4750 4750
37.046875 40.000000 4543.75 4543 4543
37.188477 40.000000 4373.83 4373 4373
37.309570 40.000000 4228.52 4228 4228
37.390625 40.000000 4131.25 4131 4131
37.467773 40.000000 4038.67 4038 4038
37.510742 40.000000 3987.11 3987 3987
37.573242 40.000000 3912.11 3912 3912
37.644531 40.000000 3826.56 3826 3826
37.731445 40.000000 3722.27 3722 3722
37.730469 40.000000 3723.44 3723 3723
37.805664 40.000000 3633.20 3633 3633
37.829102 40.000000 3605.08 3605 3605
37.897461 40.000000 3523.05 3523 3523
37.938477 40.000000 3473.83 3473 3473
37.966797 40.000000 3439.84 3439 3439
37.977539 40.000000 3426.95 3426 3426
38.052734 40.000000 3336.72 3336 3336
38.144531 40.000000 3226.56 3226 3226
38.208984 40.000000 3149.22 3149 3149
38.226563 40.000000 3128.13 3128 3128
38.268555 40.000000 3077.73 3077 3077
38.307617 40.000000 3030.86 3030 3030
38.363281 40.000000 2964.06 2964 2964
38.424805 40.000000 2890.23 2890 2890
38.474609 40.000000 2830.47 2830 2830
38.485352 40.000000 2817.58 2817 2817
38.526367 40.000000 2768.36 2768 2768
38.521484 40.000000 2774.22 2774 2774
38.570313 40.000000 2715.63 2715 2715
38.573242 40.000000 2712.11 2712 2712
38.637695 40.000000 2634.77 2634 2634
38.665039 40.000000 2601.95 2601 2601
38.716797 40.000000 2539.84 2539 2539
38.727539 40.000000 2526.95 2526 2526
38.807617 40.000000 2430.86 2430 2430
38.805664 40.000000 2433.20 2433 2433
38.834961 40.000000 2398.05 2398 2398
38.815430 40.000000 2421.48 2421 2421
38.829102 40.000000 2405.08 2405 2405
38.831055 40.000000 2402.73 2402 2402
38.835938 40.000000 2396.88 2396 2396
38.837891 40.000000 2394.53 2394 2394
38.863281 40.000000 2364.06 2364 2364
38.872070 40.000000 2353.52 2353 2353
38.896484 40.000000 2324.22 2324 2324
38.936523 40.000000 2276.17 2276 2276
38.964844 40.000000 2242.19 2242 2242
39.026367 40.000000 2168.36 2168 2168
39.026367 40.000000 2168.36 2168 2168
39.047852 40.000000 2142.58 2142 2142
39.094727 40.000000 2086.33 2086 2086
39.138672 40.000000 2033.59 2033 2033
39.094727 40.000000 2086.33 2086 2086
39.084961 40.000000 2098.05 2098 2098
39.080078 40.000000 2103.91 2103 2103
39.070313 40.000000 2115.63 2115 2115
39.067383 40.000000 2119.14 2119 2119
39.080078 40.000000 2103.91 2103 2103
39.073242 40.000000 2112.11 2112 2112
39.069336 40.000000 2116.80 2116 2116
39.093750 40.000000 2087.50 2087 2087
39.063477 40.000000 2123.83 2123 2123
39.067383 40.000000 2119.14 2119 2119
39.102539 40.000000 2076.95 2076 2076
39.104492 40.000000 2074.61 2074 2074
39.177734 40.000000 1986.72 1986 1986
39.180664 40.000000 1983.20 1983 1983
39.175781 40.000000 1989.06 1989 1989
39.244141 40.000000 1907.03 1907 1907
39.261719 40.000000 1885.94 1885 1885
39.239258 40.000000 1912.89 1912 1912
39.194336 40.000000 1966.80 1966 1966
39.199219 40.000000 1960.94 1960 1960
39.179688 40.000000 1984.38 1984 1984
39.147461 40.000000 2023.05 2023 2023
39.196289 40.000000 1964.45 1964 1964
39.248047 40.000000 1902.34 1902 1902
39.267578 40.000000 1878.91 1878 1878
39.319336 40.000000 1816.80 1816 1816
39.381836 40.000000 1741.80 1741 1741
39.377930 40.000000 1746.48 1746 1746
39.377930 40.000000 1746.48 1746 1746
39.333984 40.000000 1799.22 1799 1799
39.353516 40.000000 1775.78 1775 1775
39.299805 40.000000 1840.23 1840 1840
39.315430 40.000000 1821.48 1821 1821
39.295898 40.000000 1844.92 1844 1844
39.331055 40.000000 1802.73 1802 1802
39.366211 40.000000 1760.55 1760 1760
39.409180 40.000000 1708.98 1708 1708
39.472656 40.000000 1632.81 1632 1632
39.460938 40.000000 1646.88 1646 1646
39.458984 40.000000 1649.22 1649 1649
39.463867 40.000000 1643.36 1643 1643
39.459961 40.000000 1648.05 1648 1648
39.450195 40.000000 1659.77 1659 1659
39.419922 40.000000 1696.09 1696 1696
39.425781 40.000000 1689.06 1689 1689
39.452148 40.000000 1657.42 1657 1657
39.463867 40.000000 1643.36 1643 1643
39.443359 40.000000 1667.97 1667 1667
39.416992 40.000000 1699.61 1699 1699
39.502930 40.000000 1596.48 1596 1596
39.465820 40.000000 1641.02 1641 1641
39.484375 40.000000 1618.75 1618 1618
39.471680 40.000000 1633.98 1633 1633
39.507813 40.000000 1590.63 1590 1590
39.523438 40.000000 1571.88 1571 1571
39.544922 40.000000 1546.09 1546 1546
39.505859 40.000000 1592.97 1592 1592
39.537109 40.000000 1555.47 1555 1555
39.534180 40.000000 1558.98 1558 1558
39.571289 40.000000 1514.45 1514 1514
39.570313 40.000000 1515.63 1515 1515
39.549805 40.000000 1540.23 1540 1540
39.541016 40.000000 1550.78 1550 1550
39.551758 40.000000 1537.89 1537 1537
39.576172 40.000000 1508.59 1508 1508
39.616211 40.000000 1460.55 1460 1460
39.618164 40.000000 1458.20 1458 1458
39.631836 40.000000 1441.80 1441 1441
39.632813 40.000000 1440.63 1440 1440
39.627930 40.000000 1446.48 1446 1446
39.637695 40.000000 1434.77 1434 1434
39.677734 40.000000 1386.72 1386 1386
39.701172 40.000000 1358.59 1358 1358
39.670898 40.000000 1394.92 1394 1394
39.702148 40.000000 1357.42 1357 1357
39.671875 40.000000 1393.75 1393 1393
39.658203 40.000000 1410.16 1410 1410
39.625000 40.000000 1450.00 1450 1450
39.610352 40.000000 1467.58 1467 1467
39.546875 40.000000 1543.75 1543 1543
39.540039 40.000000 1551.95 1551 1551
39.533203 40.000000 1560.16 1560 1560
39.616211 40.000000 1460.55 1460 1460
39.658203 40.000000 1410.16 1410 1410
39.644531 40.000000 1426.56 1426 1426
39.639648 40.000000 1432.42 1432 1432
39.671875 40.000000 1393.75 1393 1393
39.700195 40.000000 1359.77 1359 1359
39.742188 40.000000 1309.38 1309 1309
39.721680 40.000000 1333.98 1333 1333
39.706055 40.000000 1352.73 1352 1352
39.764648 40.000000 1282.42 1282 1282
39.745117 40.000000 1305.86 1305 1305
39.764648 40.000000 1282.42 1282 1282
39.804688 40.000000 1234.38 1234 1234
39.793945 40.000000 1247.27 1247 1247
39.796875 40.000000 1243.75 1243 1243
39.815430 40.000000 1221.48 1221 1221
39.826172 40.000000 1208.59 1208 1208
39.837891 40.000000 1194.53 1194 1194
39.783203 40.000000 1260.16 1260 1260
39.846680 40.000000 1183.98 1183 1183
39.798828 40.000000 1241.41 1241 1241
39.816406 40.000000 1220.31 1220 1220
39.813477 40.000000 1223.83 1223 1223
39.811523 40.000000 1226.17 1226 1226
39.804688 40.000000 1234.38 1234 1234
39.749023 40.000000 1301.17 1301 1301
39.804688 40.000000 1234.38 1234 1234
39.765625 40.000000 1281.25 1281 1281
39.782227 40.000000 1261.33 1261 1261
39.710938 40.000000 1346.88 1346 1346
39.716797 40.000000 1339.84 1339 1339

39.717773 40.000000 1338.67 1338 1338
39.674805 40.000000 1390.23 1390 1390
39.688477 40.000000 1373.83 1373 1373
39.666992 40.000000 1399.61 1399 1399
39.673828 40.000000 1391.41 1391 1391
39.677734 40.000000 1386.72 1386 1386
39.667969 40.000000 1398.44 1398 1398
39.657227 40.000000 1411.33 1411 1411
39.666992 40.000000 1399.61 1399 1399
39.663086 40.000000 1404.30 1404 1404
39.695313 40.000000 1365.63 1365 1365
39.738281 40.000000 1314.06 1314 1314
39.799805 40.000000 1240.23 1240 1240
39.813477 40.000000 1223.83 1223 1223
39.821289 40.000000 1214.45 1214 1214
39.781250 40.000000 1262.50 1262 1262
39.766602 40.000000 1280.08 1280 1280
39.766602 40.000000 1280.08 1280 1280
39.749023 40.000000 1301.17 1301 1301
39.736328 40.000000 1316.41 1316 1316
39.726563 40.000000 1328.13 1328 1328
39.738281 40.000000 1314.06 1314 1314
39.729492 40.000000 1324.61 1324 1324
39.722656 40.000000 1332.81 1332 1332
39.712891 40.000000 1344.53 1344 1344
39.697266 40.000000 1363.28 1363 1363
39.751953 40.000000 1297.66 1297 1297
39.721680 40.000000 1333.98 1333 1333
39.705078 40.000000 1353.91 1353 1353
39.717773 40.000000 1338.67 1338 1338
39.722656 40.000000 1332.81 1332 1332
39.717773 40.000000 1338.67 1338 1338
39.717773 40.000000 1338.67 1338 1338
39.730469 40.000000 1323.44 1323 1323
39.736328 40.000000 1316.41 1316 1316
39.717773 40.000000 1338.67 1338 1338
39.700195 40.000000 1359.77 1359 1359
39.714844 40.000000 1342.19 1342 1342
39.693359 40.000000 1367.97 1367 1367
39.701172 40.000000 1358.59 1358 1358
39.699219 40.000000 1360.94 1360 1360
39.755859 40.000000 1292.97 1292 1292
39.798828 40.000000 1241.41 1241 1241
39.804688 40.000000 1234.38 1234 1234
39.799805 40.000000 1240.23 1240 1240
39.809570 40.000000 1228.52 1228 1228
39.830078 40.000000 1203.91 1203 1203
39.816406 40.000000 1220.31 1220 1220

39.807617 40.000000 1230.86 1230 1230
39.779297 40.000000 1264.84 1264 1264
39.756836 40.000000 1291.80 1291 1291
39.765625 40.000000 1281.25 1281 1281
39.768555 40.000000 1277.73 1277 1277
39.757813 40.000000 1290.63 1290 1290
39.760742 40.000000 1287.11 1287 1287
39.794922 40.000000 1246.09 1246 1246
39.766602 40.000000 1280.08 1280 1280
39.744141 40.000000 1307.03 1307 1307
39.772461 40.000000 1273.05 1273 1273
39.740234 40.000000 1311.72 1311 1311
39.772461 40.000000 1273.05 1273 1273
39.826172 40.000000 1208.59 1208 1208
39.873047 40.000000 1152.34 1152 1152
39.902344 40.000000 1117.19 1117 1117
39.831055 40.000000 1202.73 1202 1202
39.781250 40.000000 1262.50 1262 1262
39.788086 40.000000 1254.30 1254 1254
39.794922 40.000000 1246.09 1246 1246
39.782227 40.000000 1261.33 1261 1261
39.791992 40.000000 1249.61 1249 1249
39.812500 40.000000 1225.00 1225 1225
39.818359 40.000000 1217.97 1217 1217
39.833984 40.000000 1199.22 1199 1199
39.829102 40.000000 1205.08 1205 1205
39.850586 40.000000 1179.30 1179 1179
39.846680 40.000000 1183.98 1183 1183
39.815430 40.000000 1221.48 1221 1221
39.821289 40.000000 1214.45 1214 1214
39.809570 40.000000 1228.52 1228 1228
39.831055 40.000000 1202.73 1202 1202
39.845703 40.000000 1185.16 1185 1185
39.829102 40.000000 1205.08 1205 1205
39.849609 40.000000 1180.47 1180 1180
39.841797 40.000000 1189.84 1189 1189
39.843750 40.000000 1187.50 1187 1187
39.834961 40.000000 1198.05 1198 1198
39.854492 40.000000 1174.61 1174 1174
39.843750 40.000000 1187.50 1187 1187
39.872070 40.000000 1153.52 1153 1153
39.860352 40.000000 1167.58 1167 1167
39.859375 40.000000 1168.75 1168 1168
39.838867 40.000000 1193.36 1193 1193
39.869141 40.000000 1157.03 1157 1157
39.868164 40.000000 1158.20 1158 1158
39.825195 40.000000 1209.77 1209 1209
39.830078 40.000000 1203.91 1203 1203
39.825195 40.000000 1209.77 1209 1209
39.851563 40.000000 1178.13 1178 1178
39.818359 40.000000 1217.97 1217 1217
39.873047 40.000000 1152.34 1152 1152
39.858398 40.000000 1169.92 1169 1169
39.881836 40.000000 1141.80 1141 1141
39.841797 40.000000 1189.84 1189 1189
39.860352 40.000000 1167.58 1167 1167
39.868164 40.000000 1158.20 1158 1158
39.891602 40.000000 1130.08 1130 1130
39.856445 40.000000 1172.27 1172 1172
39.851563 40.000000 1178.13 1178 1178
39.828125 40.000000 1206.25 1206 1206
39.811523 40.000000 1226.17 1226 1226
39.821289 40.000000 1214.45 1214 1214
39.803711 40.000000 1235.55 1235 1235
39.822266 40.000000 1213.28 1213 1213
39.826172 40.000000 1208.59 1208 1208
39.870117 40.000000 1155.86 1155 1155
39.867188 40.000000 1159.38 1159 1159
39.901367 40.000000 1118.36 1118 1118
39.899414 40.000000 1120.70 1120 1120
39.910156 40.000000 1107.81 1107 1107
39.922852 40.000000 1092.58 1092 1092
39.901367 40.000000 1118.36 1118 1118
39.859375 40.000000 1168.75 1168 1168
39.851563 40.000000 1178.13 1178 1178
39.811523 40.000000 1226.17 1226 1226
39.913086 40.000000 1104.30 1104 1104
39.894531 40.000000 1126.56 1126 1126
39.886719 40.000000 1135.94 1135 1135
39.933594 40.000000 1079.69 1079 1079
39.912109 40.000000 1105.47 1105 1105
39.916016 40.000000 1100.78 1100 1100
39.968750 40.000000 1037.50 1037 1037
39.936523 40.000000 1076.17 1076 1076
39.989258 40.000000 1012.89 1012 1012
39.971680 40.000000 1033.98 1033 1033
39.975586 40.000000 1029.30 1029 1029
39.992188 40.000000 1009.38 1009 1009
39.940430 40.000000 1071.48 1071 1071
39.889648 40.000000 1132.42 1132 1132
39.872070 40.000000 1153.52 1153 1153
39.906250 40.000000 1112.50 1112 1112
39.868164 40.000000 1158.20 1158 1158
39.815430 40.000000 1221.48 1221 1221
39.841797 40.000000 1189.84 1189 1189
39.855469 40.000000 1173.44 1173 1173
39.928711 40.000000 1085.55 1085 1085
39.916016 40.000000 1100.78 1100 1100
39.945313 40.000000 1065.63 1065 1065
39.989258 40.000000 1012.89 1012 1012
39.916992 40.000000 1099.61 1099 1099
39.985352 40.000000 1017.58 1017 1017
39.961914 40.000000 1045.70 1045 1045
39.976563 40.000000 1028.13 1028 1028
40.004883 40.000000 994.14 994 994
40.037109 40.000000 955.47 955 955
40.008789 40.000000 989.45 989 989
40.026367 40.000000 968.36 968 968
40.024414 40.000000 970.70 970 970
40.066406 40.000000 920.31 920 920
40.076172 40.000000 908.59 908 908
40.065430 40.000000 921.48 921 921
40.084961 40.000000 898.05 898 898
40.104492 40.000000 874.61 874 874
40.082031 40.000000 901.56 901 901
40.086914 40.000000 895.70 895 895
40.087891 40.000000 894.53 894 894
40.083984 40.000000 899.22 899 899
40.071289 40.000000 914.45 914 914
40.084961 40.000000 898.05 898 898
40.091797 40.000000 889.84 889 889
40.103516 40.000000 875.78 875 875
40.097656 40.000000 882.81 882 882
40.049805 40.000000 940.23 940 940
40.040039 40.000000 951.95 951 951
40.039063 40.000000 953.13 953 953
40.051758 40.000000 937.89 937 937
40.052734 40.000000 936.72 936 936
39.997070 40.000000 1003.52 1003 1003
40.030273 40.000000 963.67 963 963
40.031250 40.000000 962.50 962 962
40.014648 40.000000 982.42 982 982
39.954102 40.000000 1055.08 1055 1055
39.945313 40.000000 1065.63 1065 1065
39.951172 40.000000 1058.59 1058 1058
39.951172 40.000000 1058.59 1058 1058
39.888672 40.000000 1133.59 1133 1133
39.877930 40.000000 1146.48 1146 1146
39.847656 40.000000 1182.81 1182 1182
39.845703 40.000000 1185.16 1185 1185
39.870117 40.000000 1155.86 1155 1155
39.907227 40.000000 1111.33 1111 1111
39.919922 40.000000 1096.09 1096 1096
39.976563 40.000000 1028.13 1028 1028
39.958984 40.000000 1049.22 1049 1049
39.990234 40.000000 1011.72 1011 1011
39.979492 40.000000 1024.61 1024 1024
39.936523 40.000000 1076.17 1076 1076
39.915039 40.000000 1101.95 1101 1101
39.897461 40.000000 1123.05 1123 1123
39.864258 40.000000 1162.89 1162 1162
39.841797 40.000000 1189.84 1189 1189
39.869141 40.000000 1157.03 1157 1157
39.837891 40.000000 1194.53 1194 1194
39.884766 40.000000 1138.28 1138 1138
39.906250 40.000000 1112.50 1112 1112
39.908203 40.000000 1110.16 1110 1110
39.966797 40.000000 1039.84 1039 1039
39.967773 40.000000 1038.67 1038 1038
39.983398 40.000000 1019.92 1019 1019
40.010742 40.000000 987.11 987 987
40.023438 40.000000 971.88 971 971
39.965820 40.000000 1041.02 1041 1041
39.918945 40.000000 1097.27 1097 1097
39.893555 40.000000 1127.73 1127 1127
39.933594 40.000000 1079.69 1079 1079
39.945313 40.000000 1065.63 1065 1065
39.906250 40.000000 1112.50 1112 1112
39.898438 40.000000 1121.88 1121 1121
39.881836 40.000000 1141.80 1141 1141
39.891602 40.000000 1130.08 1130 1130
39.886719 40.000000 1135.94 1135 1135
39.910156 40.000000 1107.81 1107 1107
39.931641 40.000000 1082.03 1082 1082
39.983398 40.000000 1019.92 1019 1019
39.993164 40.000000 1008.20 1008 1008
39.988281 40.000000 1014.06 1014 1014
40.027344 40.000000 967.19 967 967
40.005859 40.000000 992.97 992 992
39.941406 40.000000 1070.31 1070 1070
39.936523 40.000000 1076.17 1076 1076
39.885742 40.000000 1137.11 1137 1137
39.846680 40.000000 1183.98 1183 1183
39.854492 40.000000 1174.61 1174 1174
39.838867 40.000000 1193.36 1193 1193
39.845703 40.000000 1185.16 1185 1185
39.893555 40.000000 1127.73 1127 1127
39.908203 40.000000 1110.16 1110 1110
39.946289 40.000000 1064.45 1064 1064
39.979492 40.000000 1024.61 1024 1024
39.941406 40.000000 1070.31 1070 1070
39.950195 40.000000 1059.77 1059 1059
39.965820 40.000000 1041.02 1041 1041
39.996094 40.000000 1004.69 1004 1004

39.990234 40.000000 1011.72 1011 1011
39.984375 40.000000 1018.75 1018 1018
39.947266 40.000000 1063.28 1063 1063
39.903320 40.000000 1116.02 1116 1116
39.931641 40.000000 1082.03 1082 1082
39.928711 40.000000 1085.55 1085 1085
39.858398 40.000000 1169.92 1169 1169
39.851563 40.000000 1178.13 1178 1178
39.847656 40.000000 1182.81 1182 1182
39.907227 40.000000 1111.33 1111 1111
39.934570 40.000000 1078.52 1078 1078
39.945313 40.000000 1065.63 1065 1065
39.984375 40.000000 1018.75 1018 1018
39.999023 40.000000 1001.17 1001 1001
40.022461 40.000000 973.05 973 973
40.023438 40.000000 971.88 971 971
40.027344 40.000000 967.19 967 967
40.067383 40.000000 919.14 919 919
40.067383 40.000000 919.14 919 919
40.035156 40.000000 957.81 957 957
39.990234 40.000000 1011.72 1011 1011
39.989258 40.000000 1012.89 1012 1012
40.024414 40.000000 970.70 970 970
40.020508 40.000000 975.39 975 975
40.018555 40.000000 977.73 977 977
39.971680 40.000000 1033.98 1033 1033
39.946289 40.000000 1064.45 1064 1064
39.971680 40.000000 1033.98 1033 1033
39.998047 40.000000 1002.34 1002 1002
40.037109 40.000000 955.47 955 955
40.026367 40.000000 968.36 968 968
39.979492 40.000000 1024.61 1024 1024
39.977539 40.000000 1026.95 1026 1026
39.975586 40.000000 1029.30 1029 1029
39.999023 40.000000 1001.17 1001 1001
40.037109 40.000000 955.47 955 955
40.052734 40.000000 936.72 936 936
40.069336 40.000000 916.80 916 916
40.104492 40.000000 874.61 874 874
40.091797 40.000000 889.84 889 889
40.131836 40.000000 841.80 841 841
40.135742 40.000000 837.11 837 837
40.125000 40.000000 850.00 850 850
40.103516 40.000000 875.78 875 875
40.056641 40.000000 932.03 932 932
39.992188 40.000000 1009.38 1009 1009
39.975586 40.000000 1029.30 1029 1029
39.950195 40.000000 1059.77 1059 1059
39.945313 40.000000 1065.63 1065 1065
39.962891 40.000000 1044.53 1044 1044
39.992188 40.000000 1009.38 1009 1009
40.019531 40.000000 976.56 976 976
40.041992 40.000000 949.61 949 949
40.010742 40.000000 987.11 987 987
39.990234 40.000000 1011.72 1011 1011
40.000977 40.000000 998.83 998 998
40.023438 40.000000 971.88 971 971
40.028320 40.000000 966.02 966 966
40.090820 40.000000 891.02 891 891
40.065430 40.000000 921.48 921 921
40.030273 40.000000 963.67 963 963
40.015625 40.000000 981.25 981 981
39.980469 40.000000 1023.44 1023 1023
39.988281 40.000000 1014.06 1014 1014
39.951172 40.000000 1058.59 1058 1058
39.954102 40.000000 1055.08 1055 1055
39.904297 40.000000 1114.84 1114 1114
39.916992 40.000000 1099.61 1099 1099
39.918945 40.000000 1097.27 1097 1097
39.888672 40.000000 1133.59 1133 1133
39.899414 40.000000 1120.70 1120 1120
39.932617 40.000000 1080.86 1080 1080
39.958984 40.000000 1049.22 1049 1049
39.967773 40.000000 1038.67 1038 1038
40.036133 40.000000 956.64 956 956
40.070313 40.000000 915.63 915 915
40.063477 40.000000 923.83 923 923
39.994141 40.000000 1007.03 1007 1007
39.989258 40.000000 1012.89 1012 1012
39.967773 40.000000 1038.67 1038 1038
39.913086 40.000000 1104.30 1104 1104
39.949219 40.000000 1060.94 1060 1060
39.889648 40.000000 1132.42 1132 1132
39.841797 40.000000 1189.84 1189 1189
39.859375 40.000000 1168.75 1168 1168
39.893555 40.000000 1127.73 1127 1127
39.923828 40.000000 1091.41 1091 1091
39.944336 40.000000 1066.80 1066 1066
39.987305 40.000000 1015.23 1015 1015
40.022461 40.000000 973.05 973 973
40.048828 40.000000 941.41 941 941
40.040039 40.000000 951.95 951 951
40.018555 40.000000 977.73 977 977
39.985352 40.000000 1017.58 1017 1017
39.928711 40.000000 1085.55 1085 1085
39.927734 40.000000 1086.72 1086 1086
39.888672 40.000000 1133.59 1133 1133
39.826172 40.000000 1208.59 1208 1208
39.852539 40.000000 1176.95 1176 1176
39.888672 40.000000 1133.59 1133 1133
39.929688 40.000000 1084.38 1084 1084
39.928711 40.000000 1085.55 1085 1085
39.958984 40.000000 1049.22 1049 1049
40.000977 40.000000 998.83 998 998
40.023438 40.000000 971.88 971 971
40.069336 40.000000 916.80 916 916
40.060547 40.000000 927.34 927 927
40.052734 40.000000 936.72 936 936
39.998047 40.000000 1002.34 1002 1002
40.030273 40.000000 963.67 963 963
40.005859 40.000000 992.97 992 992
39.977539 40.000000 1026.95 1026 1026
39.967773 40.000000 1038.67 1038 1038
39.967773 40.000000 1038.67 1038 1038
39.924805 40.000000 1090.23 1090 1090
39.922852 40.000000 1092.58 1092 1092
39.968750 40.000000 1037.50 1037 1037
39.958008 40.000000 1050.39 1050 1050
39.936523 40.000000 1076.17 1076 1076
39.893555 40.000000 1127.73 1127 1127
39.910156 40.000000 1107.81 1107 1107
39.910156 40.000000 1107.81 1107 1107
39.958008 40.000000 1050.39 1050 1050
39.981445 40.000000 1022.27 1022 1022
39.928711 40.000000 1085.55 1085 1085
39.934570 40.000000 1078.52 1078 1078
39.951172 40.000000 1058.59 1058 1058
39.902344 40.000000 1117.19 1117 1117
39.879883 40.000000 1144.14 1144 1144
39.901367 40.000000 1118.36 1118 1118
39.974609 40.000000 1030.47 1030 1030
39.983398 40.000000 1019.92 1019 1019
39.937500 40.000000 1075.00 1075 1075
39.912109 40.000000 1105.47 1105 1105
39.919922 40.000000 1096.09 1096 1096
39.911133 40.000000 1106.64 1106 1106
39.904297 40.000000 1114.84 1114 1114
39.852539 40.000000 1176.95 1176 1176
39.893555 40.000000 1127.73 1127 1127
39.906250 40.000000 1112.50 1112 1112
39.891602 40.000000 1130.08 1130 1130
39.891602 40.000000 1130.08 1130 1130
39.902344 40.000000 1117.19 1117 1117
39.972656 40.000000 1032.81 1032 1032
40.000977 40.000000 998.83 998 998
40.008789 40.000000 989.45 989 989
40.027344 40.000000 967.19 967 967
40.071289 40.000000 914.45 914 914
40.079102 40.000000 905.08 905 905
40.048828 40.000000 941.41 941 941
40.009766 40.000000 988.28 988 988
40.014648 40.000000 982.42 982 982
39.976563 40.000000 1028.13 1028 1028
39.954102 40.000000 1055.08 1055 1055
39.945313 40.000000 1065.63 1065 1065
39.924805 40.000000 1090.23 1090 1090
39.894531 40.000000 1126.56 1126 1126
39.895508 40.000000 1125.39 1125 1125
39.843750 40.000000 1187.50 1187 1187
39.882813 40.000000 1140.63 1140 1140
39.904297 40.000000 1114.84 1114 1114
39.938477 40.000000 1073.83 1073 1073
39.956055 40.000000 1052.73 1052 1052
40.010742 40.000000 987.11 987 987
40.008789 40.000000 989.45 989 989
40.040039 40.000000 951.95 951 951
40.084961 40.000000 898.05 898 898
40.043945 40.000000 947.27 947 947
40.078125 40.000000 906.25 906 906
40.020508 40.000000 975.39 975 975
40.053711 40.000000 935.55 935 935
40.083008 40.000000 900.39 900 900
40.015625 40.000000 981.25 981 981
39.996094 40.000000 1004.69 1004 1004
40.002930 40.000000 996.48 996 996
39.983398 40.000000 1019.92 1019 1019
39.951172 40.000000 1058.59 1058 1058
39.951172 40.000000 1058.59 1058 1058
39.998047 40.000000 1002.34 1002 1002
39.997070 40.000000 1003.52 1003 1003
39.993164 40.000000 1008.20 1008 1008
39.945313 40.000000 1065.63 1065 1065
39.934570 40.000000 1078.52 1078 1078
39.958984 40.000000 1049.22 1049 1049
39.993164 40.000000 1008.20 1008 1008
39.963867 40.000000 1043.36 1043 1043
39.940430 40.000000 1071.48 1071 1071
39.984375 40.000000 1018.75 1018 1018
39.962891 40.000000 1044.53 1044 1044
39.988281 40.000000 1014.06 1014 1014
39.998047 40.000000 1002.34 1002 1002
40.041016 40.000000 950.78 950 950
40.056641 40.000000 932.03 932 932
40.032227 40.000000 961.33 961 961
40.000977 40.000000 998.83 998 998
40.060547 40.000000 927.34 927 927
40.060547 40.000000 927.34 927 927
40.087891 40.000000 894.53 894 894
40.125000 40.000000 850.00 850 850
40.131836 40.000000 841.80 841 841
40.147461 40.000000 823.05 823 823
40.121094 40.000000 854.69 854 854
40.096680 40.000000 883.98 883 883
40.075195 40.000000 909.77 909 909
40.041992 40.000000 949.61 949 949
40.010742 40.000000 987.11 987 987
39.998047 40.000000 1002.34 1002 1002
39.966797 40.000000 1039.84 1039 1039
40.001953 40.000000 997.66 997 997
40.039063 40.000000 953.13 953 953
40.110352 40.000000 867.58 867 867
40.113281 40.000000 864.06 864 864
40.123047 40.000000 852.34 852 852
40.096680 40.000000 883.98 883 883
40.125977 40.000000 848.83 848 848
40.149414 40.000000 820.70 820 820
40.129883 40.000000 844.14 844 844
40.066406 40.000000 920.31 920 920
40.060547 40.000000 927.34 927 927
40.009766 40.000000 988.28 988 988
39.967773 40.000000 1038.67 1038 1038
39.951172 40.000000 1058.59 1058 1058
39.987305 40.000000 1015.23 1015 1015
40.013672 40.000000 983.59 983 983
40.053711 40.000000 935.55 935 935
40.065430 40.000000 921.48 921 921
40.031250 40.000000 962.50 962 962
40.052734 40.000000 936.72 936 936
40.100586 40.000000 879.30 879 879
40.138672 40.000000 833.59 833 833
40.139648 40.000000 832.42 832 832
40.155273 40.000000 813.67 813 813
40.136719 40.000000 835.94 835 835
40.087891 40.000000 894.53 894 894
40.057617 40.000000 930.86 930 930
40.037109 40.000000 955.47 955 955
40.019531 40.000000 976.56 976 976
39.987305 40.000000 1015.23 1015 1015
39.983398 40.000000 1019.92 1019 1019
39.945313 40.000000 1065.63 1065 1065
39.942383 40.000000 1069.14 1069 1069
40.017578 40.000000 978.91 978 978
40.019531 40.000000 976.56 976 976
40.008789 40.000000 989.45 989 989
40.033203 40.000000 960.16 960 960
40.104492 40.000000 874.61 874 874
40.061523 40.000000 926.17 926 926
40.036133 40.000000 956.64 956 956
40.041992 40.000000 949.61 949 949
40.047852 40.000000 942.58 942 942
40.087891 40.000000 894.53 894 894
40.126953 40.000000 847.66 847 847
40.083008 40.000000 900.39 900 900
40.062500 40.000000 925.00 925 925
40.026367 40.000000 968.36 968 968
40.015625 40.000000 981.25 981 981
40.056641 40.000000 932.03 932 932
40.052734 40.000000 936.72 936 936
40.032227 40.000000 961.33 961 961
39.981445 40.000000 1022.27 1022 1022
40.004883 40.000000 994.14 994 994
40.049805 40.000000 940.23 940 940
40.035156 40.000000 957.81 957 957
40.028320 40.000000 966.02 966 966
40.006836 40.000000 991.80 991 991
39.985352 40.000000 1017.58 1017 1017
39.987305 40.000000 1015.23 1015 1015
40.035156 40.000000 957.81 957 957
40.051758 40.000000 937.89 937 937
40.023438 40.000000 971.88 971 971
39.996094 40.000000 1004.69 1004 1004
40.028320 40.000000 966.02 966 966
39.988281 40.000000 1014.06 1014 1014
39.985352 40.000000 1017.58 1017 1017
39.959961 40.000000 1048.05 1048 1048
39.911133 40.000000 1106.64 1106 1106
39.923828 40.000000 1091.41 1091 1091
39.940430 40.000000 1071.48 1071 1071
39.983398 40.000000 1019.92 1019 1019
39.981445 40.000000 1022.27 1022 1022
39.961914 40.000000 1045.70 1045 1045
39.958008 40.000000 1050.39 1050 1050
39.929688 40.000000 1084.38 1084 1084
39.906250 40.000000 1112.50 1112 1112
39.907227 40.000000 1111.33 1111 1111
39.893555 40.000000 1127.73 1127 1127
39.879883 40.000000 1144.14 1144 1144
39.888672 40.000000 1133.59 1133 1133
39.911133 40.000000 1106.64 1106 1106
39.977539 40.000000 1026.95 1026 1026
40.019531 40.000000 976.56 976 976
40.067383 40.000000 919.14 919 919
40.092773 40.000000 888.67 888 888
40.117188 40.000000 859.38 859 859
40.063477 40.000000 923.83 923 923
40.031250 40.000000 962.50 962 962
40.017578 40.000000 978.91 978 978
39.993164 40.000000 1008.20 1008 1008
39.981445 40.000000 1022.27 1022 1022
39.947266 40.000000 1063.28 1063 1063
39.937500 40.000000 1075.00 1075 1075
39.937500 40.000000 1075.00 1075 1075
39.919922 40.000000 1096.09 1096 1096
39.925781 40.000000 1089.06 1089 1089
39.916016 40.000000 1100.78 1100 1100
39.884766 40.000000 1138.28 1138 1138
39.903320 40.000000 1116.02 1116 1116
39.971680 40.000000 1033.98 1033 1033
40.004883 40.000000 994.14 994 994
40.020508 40.000000 975.39 975 975
40.073242 40.000000 912.11 912 912
40.078125 40.000000 906.25 906 906
40.126953 40.000000 847.66 847 847
40.155273 40.000000 813.67 813 813
40.106445 40.000000 872.27 872 872
40.087891 40.000000 894.53 894 894
40.060547 40.000000 927.34 927 927
40.040039 40.000000 951.95 951 951
40.006836 40.000000 991.80 991 991
40.028320 40.000000 966.02 966 966
39.999023 40.000000 1001.17 1001 1001
40.037109 40.000000 955.47 955 955
40.017578 40.000000 978.91 978 978
40.043945 40.000000 947.27 947 947
39.988281 40.000000 1014.06 1014 1014
40.035156 40.000000 957.81 957 957
40.031250 40.000000 962.50 962 962
39.980469 40.000000 1023.44 1023 1023
40.024414 40.000000 970.70 970 970
39.971680 40.000000 1033.98 1033 1033
40.018555 40.000000 977.73 977 977
40.026367 40.000000 968.36 968 968
39.981445 40.000000 1022.27 1022 1022
39.959961 40.000000 1048.05 1048 1048
39.940430 40.000000 1071.48 1071 1071
39.989258 40.000000 1012.89 1012 1012
39.963867 40.000000 1043.36 1043 1043
39.951172 40.000000 1058.59 1058 1058
39.980469 40.000000 1023.44 1023 1023
39.937500 40.000000 1075.00 1075 1075
39.910156 40.000000 1107.81 1107 1107
39.888672 40.000000 1133.59 1133 1133
39.903320 40.000000 1116.02 1116 1116
39.936523 40.000000 1076.17 1076 1076
39.894531 40.000000 1126.56 1126 1126
39.854492 40.000000 1174.61 1174 1174
39.924805 40.000000 1090.23 1090 1090
39.959961 40.000000 1048.05 1048 1048
39.975586 40.000000 1029.30 1029 1029
40.045898 40.000000 944.92 944 944
40.060547 40.000000 927.34 927 927
40.069336 40.000000 916.80 916 916
40.130859 40.000000 842.97 842 842
40.144531 40.000000 826.56 826 826
40.114258 40.000000 862.89 862 862
40.063477 40.000000 923.83 923 923
40.094727 40.000000 886.33 886 886
40.094727 40.000000 886.33 886 886
40.088867 40.000000 893.36 893 893
40.066406 40.000000 920.31 920 920
40.048828 40.000000 941.41 941 941
40.071289 40.000000 914.45 914 914
40.112305 40.000000 865.23 865 865
40.140625 40.000000 831.25 831 831
40.158203 40.000000 810.16 810 810
40.140625 40.000000 831.25 831 831
40.142578 40.000000 828.91 828 828
40.125000 40.000000 850.00 850 850
40.099609 40.000000 880.47 880 880
40.084961 40.000000 898.05 898 898
40.062500 40.000000 925.00 925 925
40.018555 40.000000 977.73 977 977
40.024414 40.000000 970.70 970 970
40.006836 40.000000 991.80 991 991
39.990234 40.000000 1011.72 1011 1011
40.074219 40.000000 910.94 910 910
