33.123047 40.000000 6501.56 6501 6501
33.974609 40.000000 5820.31 5820 5820
34.711914 40.000000 5230.47 5230 5230
35.334961 40.000000 4732.03 4732 4732
35.835938 40.000000 4331.25 4331 4331
36.247070 40.000000 4002.34 4002 4002
36.510742 40.000000 3791.41 3791 3791
36.773438 40.000000 3581.25 3581 3581
36.978516 40.000000 3417.19 3417 3417
37.154297 40.000000 3276.56 3276 3276
37.287109 40.000000 3170.31 3170 3170
37.448242 40.000000 3041.41 3041 3041
37.587891 40.000000 2929.69 2929 2929
37.671875 40.000000 2862.50 2862 2862
37.770508 40.000000 2783.59 2783 2783
37.823242 40.000000 2741.41 2741 2741
37.919922 40.000000 2664.06 2664 2664
37.990234 40.000000 2607.81 2607 2607
38.065430 40.000000 2547.66 2547 2547
38.136719 40.000000 2490.63 2490 2490
38.212891 40.000000 2429.69 2429 2429
38.244141 40.000000 2404.69 2404 2404
38.238281 40.000000 2409.38 2409 2409
38.277344 40.000000 2378.13 2378 2378
38.325195 40.000000 2339.84 2339 2339
38.366211 40.000000 2307.03 2307 2307
38.409180 40.000000 2272.66 2272 2272
38.437500 40.000000 2250.00 2250 2250
38.513672 40.000000 2189.06 2189 2189
38.537109 40.000000 2170.31 2170 2170
38.530273 40.000000 2175.78 2175 2175
38.537109 40.000000 2170.31 2170 2170
38.510742 40.000000 2191.41 2191 2191
38.518555 40.000000 2185.16 2185 2185
38.555664 40.000000 2155.47 2155 2155
38.549805 40.000000 2160.16 2160 2160
38.573242 40.000000 2141.41 2141 2141
38.590820 40.000000 2127.34 2127 2127
38.621094 40.000000 2103.13 2103 2103
38.677734 40.000000 2057.81 2057 2057
38.686523 40.000000 2050.78 2050 2050
38.757813 40.000000 1993.75 1993 1993
38.818359 40.000000 1945.31 1945 1945
38.875000 40.000000 1900.00 1900 1900
38.889648 40.000000 1888.28 1888 1888
38.948242 40.000000 1841.41 1841 1841
38.957031 40.000000 1834.38 1834 1834
38.968750 40.000000 1825.00 1825 1825
39.021484 40.000000 1782.81 1782 1782
39.039063 40.000000 1768.75 1768 1768
39.067383 40.000000 1746.09 1746 1746
39.136719 40.000000 1690.63 1690 1690
39.128906 40.000000 1696.88 1696 1696
39.121094 40.000000 1703.13 1703 1703
39.104492 40.000000 1716.41 1716 1716
39.076172 40.000000 1739.06 1739 1739
39.058594 40.000000 1753.13 1753 1753
39.051758 40.000000 1758.59 1758 1758
39.045898 40.000000 1763.28 1763 1763
39.034180 40.000000 1772.66 1772 1772

39.068359 40.000000 1745.31 1745 1745
39.065430 40.000000 1747.66 1747 1747
39.052734 40.000000 1757.81 1757 1757
39.077148 40.000000 1738.28 1738 1738
39.067383 40.000000 1746.09 1746 1746
39.098633 40.000000 1721.09 1721 1721
39.104492 40.000000 1716.41 1716 1716
39.097656 40.000000 1721.88 1721 1721
39.162109 40.000000 1670.31 1670 1670
39.175781 40.000000 1659.38 1659 1659
39.163086 40.000000 1669.53 1669 1669
39.196289 40.000000 1642.97 1642 1642
39.224609 40.000000 1620.31 1620 1620
39.185547 40.000000 1651.56 1651 1651
39.207031 40.000000 1634.38 1634 1634
39.223633 40.000000 1621.09 1621 1621
39.219727 40.000000 1624.22 1624 1624
39.244141 40.000000 1604.69 1604 1604
39.276367 40.000000 1578.91 1578 1578
39.274414 40.000000 1580.47 1580 1580
39.301758 40.000000 1558.59 1558 1558
39.328125 40.000000 1537.50 1537 1537
39.342773 40.000000 1525.78 1525 1525
39.362305 40.000000 1510.16 1510 1510
39.419922 40.000000 1464.06 1464 1464
39.391602 40.000000 1486.72 1486 1486
39.408203 40.000000 1473.44 1473 1473
39.437500 40.000000 1450.00 1450 1450
39.473633 40.000000 1421.09 1421 1421
39.502930 40.000000 1397.66 1397 1397
39.482422 40.000000 1414.06 1414 1414
39.480469 40.000000 1415.63 1415 1415
39.447266 40.000000 1442.19 1442 1442
39.411133 40.000000 1471.09 1471 1471
39.361328 40.000000 1510.94 1510 1510
39.334961 40.000000 1532.03 1532 1532
39.339844 40.000000 1528.13 1528 1528
39.382813 40.000000 1493.75 1493 1493
39.401367 40.000000 1478.91 1478 1478
39.432617 40.000000 1453.91 1453 1453
39.505859 40.000000 1395.31 1395 1395
39.475586 40.000000 1419.53 1419 1419
39.458984 40.000000 1432.81 1432 1432
39.432617 40.000000 1453.91 1453 1453
39.459961 40.000000 1432.03 1432 1432
39.477539 40.000000 1417.97 1417 1417
39.519531 40.000000 1384.38 1384 1384
39.561523 40.000000 1350.78 1350 1350
39.573242 40.000000 1341.41 1341 1341
39.558594 40.000000 1353.13 1353 1353
39.534180 40.000000 1372.66 1372 1372
39.527344 40.000000 1378.13 1378 1378
39.559570 40.000000 1352.34 1352 1352
39.541992 40.000000 1366.41 1366 1366
39.593750 40.000000 1325.00 1325 1325
39.583008 40.000000 1333.59 1333 1333
39.571289 40.000000 1342.97 1342 1342
39.544922 40.000000 1364.06 1364 1364
39.530273 40.000000 1375.78 1375 1375
39.537109 40.000000 1370.31 1370 1370
39.521484 40.000000 1382.81 1382 1382
39.497070 40.000000 1402.34 1402 1402
39.451172 40.000000 1439.06 1439 1439
39.476563 40.000000 1418.75 1418 1418
39.511719 40.000000 1390.63 1390 1390
39.481445 40.000000 1414.84 1414 1414
39.494141 40.000000 1404.69 1404 1404
39.472656 40.000000 1421.88 1421 1421
39.457031 40.000000 1434.38 1434 1434
39.464844 40.000000 1428.13 1428 1428
39.541016 40.000000 1367.19 1367 1367
39.562500 40.000000 1350.00 1350 1350
39.625000 40.000000 1300.00 1300 1300
39.636719 40.000000 1290.63 1290 1290
39.649414 40.000000 1280.47 1280 1280
39.654297 40.000000 1276.56 1276 1276
39.607422 40.000000 1314.06 1314 1314
39.600586 40.000000 1319.53 1319 1319
39.610352 40.000000 1311.72 1311 1311
39.583984 40.000000 1332.81 1332 1332
39.589844 40.000000 1328.13 1328 1328
39.600586 40.000000 1319.53 1319 1319
39.566406 40.000000 1346.88 1346 1346
39.601563 40.000000 1318.75 1318 1318
39.570313 40.000000 1343.75 1343 1343
39.596680 40.000000 1322.66 1322 1322
39.603516 40.000000 1317.19 1317 1317
39.615234 40.000000 1307.81 1307 1307
39.601563 40.000000 1318.75 1318 1318
39.601563 40.000000 1318.75 1318 1318
39.587891 40.000000 1329.69 1329 1329
39.576172 40.000000 1339.06 1339 1339
39.593750 40.000000 1325.00 1325 1325
39.550781 40.000000 1359.38 1359 1359
39.553711 40.000000 1357.03 1357 1357
39.538086 40.000000 1369.53 1369 1369
39.567383 40.000000 1346.09 1346 1346
39.587891 40.000000 1329.69 1329 1329
39.548828 40.000000 1360.94 1360 1360
39.579102 40.000000 1336.72 1336 1336
39.542969 40.000000 1365.63 1365 1365
39.577148 40.000000 1338.28 1338 1338
39.616211 40.000000 1307.03 1307 1307
39.609375 40.000000 1312.50 1312 1312
39.631836 40.000000 1294.53 1294 1294
39.652344 40.000000 1278.13 1278 1278
39.725586 40.000000 1219.53 1219 1219
39.769531 40.000000 1184.38 1184 1184
39.775391 40.000000 1179.69 1179 1179
39.748047 40.000000 1201.56 1201 1201
39.731445 40.000000 1214.84 1214 1214
39.756836 40.000000 1194.53 1194 1194
39.739258 40.000000 1208.59 1208 1208
39.748047 40.000000 1201.56 1201 1201
39.481445 40.000000 1414.84 1414 1414
39.279297 40.000000 1576.56 1576 1576
39.294922 40.000000 1564.06 1564 1564
39.374023 40.000000 1500.78 1500 1500
39.457031 40.000000 1434.38 1434 1434
39.563477 40.000000 1349.22 1349 1349
39.563477 40.000000 1349.22 1349 1349
39.580078 40.000000 1335.94 1335 1335
39.623047 40.000000 1301.56 1301 1301
39.594727 40.000000 1324.22 1324 1324
39.646484 40.000000 1282.81 1282 1282
39.646484 40.000000 1282.81 1282 1282
39.648438 40.000000 1281.25 1281 1281
39.653320 40.000000 1277.34 1277 1277
39.636719 40.000000 1290.63 1290 1290
39.661133 40.000000 1271.09 1271 1271
39.684570 40.000000 1252.34 1252 1252
39.704102 40.000000 1236.72 1236 1236
39.646484 40.000000 1282.81 1282 1282
39.696289 40.000000 1242.97 1242 1242
39.710938 40.000000 1231.25 1231 1231
39.768555 40.000000 1185.16 1185 1185
39.781250 40.000000 1175.00 1175 1175
39.774414 40.000000 1180.47 1180 1180
39.756836 40.000000 1194.53 1194 1194
39.764648 40.000000 1188.28 1188 1188
39.753906 40.000000 1196.88 1196 1196
39.760742 40.000000 1191.41 1191 1191
39.765625 40.000000 1187.50 1187 1187
39.786133 40.000000 1171.09 1171 1171
39.775391 40.000000 1179.69 1179 1179
39.806641 40.000000 1154.69 1154 1154
39.794922 40.000000 1164.06 1164 1164
39.743164 40.000000 1205.47 1205 1205
39.773438 40.000000 1181.25 1181 1181
39.809570 40.000000 1152.34 1152 1152
39.800781 40.000000 1159.38 1159 1159
39.806641 40.000000 1154.69 1154 1154
39.800781 40.000000 1159.38 1159 1159
39.800781 40.000000 1159.38 1159 1159
39.837891 40.000000 1129.69 1129 1129
39.852539 40.000000 1117.97 1117 1117
39.836914 40.000000 1130.47 1130 1130
39.843750 40.000000 1125.00 1125 1125
39.867188 40.000000 1106.25 1106 1106
39.870117 40.000000 1103.91 1103 1103
39.881836 40.000000 1094.53 1094 1094
39.860352 40.000000 1111.72 1111 1111
39.807617 40.000000 1153.91 1153 1153
39.760742 40.000000 1191.41 1191 1191
39.763672 40.000000 1189.06 1189 1189
39.770508 40.000000 1183.59 1183 1183
39.770508 40.000000 1183.59 1183 1183
39.772461 40.000000 1182.03 1182 1182
39.765625 40.000000 1187.50 1187 1187
39.788086 40.000000 1169.53 1169 1169
39.799805 40.000000 1160.16 1160 1160
39.799805 40.000000 1160.16 1160 1160
39.796875 40.000000 1162.50 1162 1162
39.847656 40.000000 1121.88 1121 1121
39.861328 40.000000 1110.94 1110 1110
39.863281 40.000000 1109.38 1109 1109
39.864258 40.000000 1108.59 1108 1108
39.901367 40.000000 1078.91 1078 1078
39.888672 40.000000 1089.06 1089 1089
39.904297 40.000000 1076.56 1076 1076
39.885742 40.000000 1091.41 1091 1091
39.931641 40.000000 1054.69 1054 1054
39.913086 40.000000 1069.53 1069 1069
39.949219 40.000000 1040.63 1040 1040
39.959961 40.000000 1032.03 1032 1032
39.950195 40.000000 1039.84 1039 1039
39.962891 40.000000 1029.69 1029 1029
39.937500 40.000000 1050.00 1050 1050
39.993164 40.000000 1005.47 1005 1005
40.015625 40.000000 987.50 987 987
39.988281 40.000000 1009.38 1009 1009
39.980469 40.000000 1015.63 1015 1015
39.933594 40.000000 1053.13 1053 1053
39.911133 40.000000 1071.09 1071 1071
39.876953 40.000000 1098.44 1098 1098
39.800781 40.000000 1159.38 1159 1159
39.834961 40.000000 1132.03 1132 1132
39.822266 40.000000 1142.19 1142 1142
39.845703 40.000000 1123.44 1123 1123
39.886719 40.000000 1090.63 1090 1090
39.886719 40.000000 1090.63 1090 1090
39.889648 40.000000 1088.28 1088 1088
39.924805 40.000000 1060.16 1060 1060
39.942383 40.000000 1046.09 1046 1046
39.965820 40.000000 1027.34 1027 1027
39.928711 40.000000 1057.03 1057 1057
39.962891 40.000000 1029.69 1029 1029
39.961914 40.000000 1030.47 1030 1030
39.962891 40.000000 1029.69 1029 1029
39.976563 40.000000 1018.75 1018 1018
40.019531 40.000000 984.38 984 984
39.989258 40.000000 1008.59 1008 1008
39.927734 40.000000 1057.81 1057 1057
39.872070 40.000000 1102.34 1102 1102
39.864258 40.000000 1108.59 1108 1108
39.791992 40.000000 1166.41 1166 1166
39.826172 40.000000 1139.06 1139 1139
39.793945 40.000000 1164.84 1164 1164
39.800781 40.000000 1159.38 1159 1159
39.828125 40.000000 1137.50 1137 1137
39.791016 40.000000 1167.19 1167 1167
39.790039 40.000000 1167.97 1167 1167
39.752930 40.000000 1197.66 1197 1197
39.751953 40.000000 1198.44 1198 1198
39.769531 40.000000 1184.38 1184 1184
39.804688 40.000000 1156.25 1156 1156
39.809570 40.000000 1152.34 1152 1152
39.821289 40.000000 1142.97 1142 1142
39.865234 40.000000 1107.81 1107 1107
39.895508 40.000000 1083.59 1083 1083
39.888672 40.000000 1089.06 1089 1089
39.897461 40.000000 1082.03 1082 1082
39.936523 40.000000 1050.78 1050 1050
39.950195 40.000000 1039.84 1039 1039
39.955078 40.000000 1035.94 1035 1035
39.895508 40.000000 1083.59 1083 1083
39.849609 40.000000 1120.31 1120 1120
39.846680 40.000000 1122.66 1122 1122
39.790039 40.000000 1167.97 1167 1167
39.787109 40.000000 1170.31 1170 1170
39.764648 40.000000 1188.28 1188 1188
39.788086 40.000000 1169.53 1169 1169
39.820313 40.000000 1143.75 1143 1143
39.860352 40.000000 1111.72 1111 1111
39.873047 40.000000 1101.56 1101 1101
39.870117 40.000000 1103.91 1103 1103
39.874023 40.000000 1100.78 1100 1100
39.920898 40.000000 1063.28 1063 1063
39.963867 40.000000 1028.91 1028 1028
39.997070 40.000000 1002.34 1002 1002
39.979492 40.000000 1016.41 1016 1016
40.004883 40.000000 996.09 996 996
40.026367 40.000000 978.91 978 978
39.989258 40.000000 1008.59 1008 1008
40.019531 40.000000 984.38 984 984
40.041016 40.000000 967.19 967 967
40.051758 40.000000 958.59 958 958
40.067383 40.000000 946.09 946 946
40.069336 40.000000 944.53 944 944
40.080078 40.000000 935.94 935 935
40.056641 40.000000 954.69 954 954
40.092773 40.000000 925.78 925 925
40.088867 40.000000 928.91 928 928
40.104492 40.000000 916.41 916 916
40.123047 40.000000 901.56 901 901
40.143555 40.000000 885.16 885 885
40.104492 40.000000 916.41 916 916
40.063477 40.000000 949.22 949 949
40.026367 40.000000 978.91 978 978
39.999023 40.000000 1000.78 1000 1000
39.961914 40.000000 1030.47 1030 1030
39.945313 40.000000 1043.75 1043 1043
39.946289 40.000000 1042.97 1042 1042
39.962891 40.000000 1029.69 1029 1029
39.958008 40.000000 1033.59 1033 1033
39.972656 40.000000 1021.88 1021 1021
40.011719 40.000000 990.63 990 990
40.033203 40.000000 973.44 973 973
40.069336 40.000000 944.53 944 944
40.066406 40.000000 946.88 946 946
40.067383 40.000000 946.09 946 946
40.011719 40.000000 990.63 990 990
39.981445 40.000000 1014.84 1014 1014
39.938477 40.000000 1049.22 1049 1049
39.942383 40.000000 1046.09 1046 1046
39.880859 40.000000 1095.31 1095 1095
39.867188 40.000000 1106.25 1106 1106
39.861328 40.000000 1110.94 1110 1110
39.912109 40.000000 1070.31 1070 1070
39.910156 40.000000 1071.88 1071 1071
39.950195 40.000000 1039.84 1039 1039
39.975586 40.000000 1019.53 1019 1019
39.947266 40.000000 1042.19 1042 1042
39.990234 40.000000 1007.81 1007 1007
40.041016 40.000000 967.19 967 967
40.052734 40.000000 957.81 957 957
40.045898 40.000000 963.28 963 963
40.083984 40.000000 932.81 932 932
40.049805 40.000000 960.16 960 960
40.074219 40.000000 940.63 940 940
40.083008 40.000000 933.59 933 933
40.088867 40.000000 928.91 928 928
40.158203 40.000000 873.44 873 873
40.156250 40.000000 875.00 875 875
40.192383 40.000000 846.09 846 846
40.190430 40.000000 847.66 847 847
40.183594 40.000000 853.13 853 853
40.219727 40.000000 824.22 824 824
40.205078 40.000000 835.94 835 835
40.213867 40.000000 828.91 828 828
40.221680 40.000000 822.66 822 822
40.173828 40.000000 860.94 860 860
40.155273 40.000000 875.78 875 875
40.165039 40.000000 867.97 867 867
40.147461 40.000000 882.03 882 882
40.125000 40.000000 900.00 900 900
40.117188 40.000000 906.25 906 906
40.090820 40.000000 927.34 927 927
40.049805 40.000000 960.16 960 960
40.032227 40.000000 974.22 974 974
40.070313 40.000000 943.75 943 943
40.069336 40.000000 944.53 944 944
40.022461 40.000000 982.03 982 982
40.015625 40.000000 987.50 987 987
39.994141 40.000000 1004.69 1004 1004
39.967773 40.000000 1025.78 1025 1025
39.945313 40.000000 1043.75 1043 1043
39.941406 40.000000 1046.88 1046 1046
39.916016 40.000000 1067.19 1067 1067
39.959961 40.000000 1032.03 1032 1032
39.932617 40.000000 1053.91 1053 1053
39.907227 40.000000 1074.22 1074 1074
39.889648 40.000000 1088.28 1088 1088
39.941406 40.000000 1046.88 1046 1046
39.919922 40.000000 1064.06 1064 1064
39.911133 40.000000 1071.09 1071 1071
39.908203 40.000000 1073.44 1073 1073
39.868164 40.000000 1105.47 1105 1105
39.869141 40.000000 1104.69 1104 1104
39.880859 40.000000 1095.31 1095 1095
39.951172 40.000000 1039.06 1039 1039
39.944336 40.000000 1044.53 1044 1044
39.992188 40.000000 1006.25 1006 1006
40.044922 40.000000 964.06 964 964
40.037109 40.000000 970.31 970 970
40.045898 40.000000 963.28 963 963
40.075195 40.000000 939.84 939 939
40.069336 40.000000 944.53 944 944
40.117188 40.000000 906.25 906 906
40.151367 40.000000 878.91 878 878
40.142578 40.000000 885.94 885 885
40.125977 40.000000 899.22 899 899
40.103516 40.000000 917.19 917 917
40.067383 40.000000 946.09 946 946
40.033203 40.000000 973.44 973 973
40.041992 40.000000 966.41 966 966
39.981445 40.000000 1014.84 1014 1014
39.970703 40.000000 1023.44 1023 1023
40.017578 40.000000 985.94 985 985
39.994141 40.000000 1004.69 1004 1004
40.063477 40.000000 949.22 949 949
40.041992 40.000000 966.41 966 966
40.084961 40.000000 932.03 932 932
40.090820 40.000000 927.34 927 927
40.116211 40.000000 907.03 907 907
40.080078 40.000000 935.94 935 935
40.060547 40.000000 951.56 951 951
40.018555 40.000000 985.16 985 985
40.051758 40.000000 958.59 958 958
40.005859 40.000000 995.31 995 995
39.966797 40.000000 1026.56 1026 1026
39.925781 40.000000 1059.38 1059 1059
39.933594 40.000000 1053.13 1053 1053
39.981445 40.000000 1014.84 1014 1014
39.980469 40.000000 1015.63 1015 1015
39.966797 40.000000 1026.56 1026 1026
39.992188 40.000000 1006.25 1006 1006
40.022461 40.000000 982.03 982 982
40.044922 40.000000 964.06 964 964
40.013672 40.000000 989.06 989 989
39.987305 40.000000 1010.16 1010 1010
39.971680 40.000000 1022.66 1022 1022
39.970703 40.000000 1023.44 1023 1023
40.014648 40.000000 988.28 988 988
40.004883 40.000000 996.09 996 996
39.988281 40.000000 1009.38 1009 1009
39.987305 40.000000 1010.16 1010 1010
39.956055 40.000000 1035.16 1035 1035
39.956055 40.000000 1035.16 1035 1035
39.899414 40.000000 1080.47 1080 1080
39.916016 40.000000 1067.19 1067 1067
39.881836 40.000000 1094.53 1094 1094
39.885742 40.000000 1091.41 1091 1091
39.880859 40.000000 1095.31 1095 1095
39.922852 40.000000 1061.72 1061 1061
39.938477 40.000000 1049.22 1049 1049
39.965820 40.000000 1027.34 1027 1027
40.008789 40.000000 992.97 992 992
40.018555 40.000000 985.16 985 985
40.062500 40.000000 950.00 950 950
40.047852 40.000000 961.72 961 961
40.001953 40.000000 998.44 998 998
39.981445 40.000000 1014.84 1014 1014
39.947266 40.000000 1042.19 1042 1042
39.923828 40.000000 1060.94 1060 1060
39.929688 40.000000 1056.25 1056 1056
39.910156 40.000000 1071.88 1071 1071
39.876953 40.000000 1098.44 1098 1098
39.850586 40.000000 1119.53 1119 1119
39.830078 40.000000 1135.94 1135 1135
39.811523 40.000000 1150.78 1150 1150
39.770508 40.000000 1183.59 1183 1183
39.753906 40.000000 1196.88 1196 1196
39.817383 40.000000 1146.09 1146 1146
39.850586 40.000000 1119.53 1119 1119
39.842773 40.000000 1125.78 1125 1125
39.863281 40.000000 1109.38 1109 1109
39.822266 40.000000 1142.19 1142 1142
39.798828 40.000000 1160.94 1160 1160
39.838867 40.000000 1128.91 1128 1128
39.833008 40.000000 1133.59 1133 1133
39.881836 40.000000 1094.53 1094 1094
39.919922 40.000000 1064.06 1064 1064
39.944336 40.000000 1044.53 1044 1044
39.968750 40.000000 1025.00 1025 1025
39.999023 40.000000 1000.78 1000 1000
40.047852 40.000000 961.72 961 961
40.045898 40.000000 963.28 963 963
40.049805 40.000000 960.16 960 960
40.097656 40.000000 921.88 921 921
40.092773 40.000000 925.78 925 925
40.118164 40.000000 905.47 905 905
40.113281 40.000000 909.38 909 909
40.090820 40.000000 927.34 927 927
40.022461 40.000000 982.03 982 982
40.022461 40.000000 982.03 982 982
40.002930 40.000000 997.66 997 997
39.940430 40.000000 1047.66 1047 1047
39.961914 40.000000 1030.47 1030 1030
39.989258 40.000000 1008.59 1008 1008
40.020508 40.000000 983.59 983 983
40.080078 40.000000 935.94 935 935
40.063477 40.000000 949.22 949 949
40.103516 40.000000 917.19 917 917
40.126953 40.000000 898.44 898 898
40.119141 40.000000 904.69 904 904
40.160156 40.000000 871.88 871 871
40.166016 40.000000 867.19 867 867
40.140625 40.000000 887.50 887 887
40.118164 40.000000 905.47 905 905
40.052734 40.000000 957.81 957 957
40.043945 40.000000 964.84 964 964
40.018555 40.000000 985.16 985 985
39.994141 40.000000 1004.69 1004 1004
40.000977 40.000000 999.22 999 999
39.937500 40.000000 1050.00 1050 1050
39.942383 40.000000 1046.09 1046 1046
39.987305 40.000000 1010.16 1010 1010
40.027344 40.000000 978.13 978 978
40.030273 40.000000 975.78 975 975
39.997070 40.000000 1002.34 1002 1002
39.946289 40.000000 1042.97 1042 1042
39.934570 40.000000 1052.34 1052 1052
39.915039 40.000000 1067.97 1067 1067
39.963867 40.000000 1028.91 1028 1028
39.959961 40.000000 1032.03 1032 1032
39.955078 40.000000 1035.94 1035 1035
39.931641 40.000000 1054.69 1054 1054
39.901367 40.000000 1078.91 1078 1078
39.899414 40.000000 1080.47 1080 1080
39.874023 40.000000 1100.78 1100 1100
39.912109 40.000000 1070.31 1070 1070
39.927734 40.000000 1057.81 1057 1057
39.953125 40.000000 1037.50 1037 1037
39.975586 40.000000 1019.53 1019 1019
40.024414 40.000000 980.47 980 980
40.052734 40.000000 957.81 957 957
40.047852 40.000000 961.72 961 961
40.047852 40.000000 961.72 961 961
40.037109 40.000000 970.31 970 970
39.998047 40.000000 1001.56 1001 1001
39.971680 40.000000 1022.66 1022 1022
39.958008 40.000000 1033.59 1033 1033
39.945313 40.000000 1043.75 1043 1043
39.923828 40.000000 1060.94 1060 1060
39.902344 40.000000 1078.13 1078 1078
39.889648 40.000000 1088.28 1088 1088
39.824219 40.000000 1140.63 1140 1140
39.836914 40.000000 1130.47 1130 1130
39.860352 40.000000 1111.72 1111 1111
39.899414 40.000000 1080.47 1080 1080
39.932617 40.000000 1053.91 1053 1053
39.975586 40.000000 1019.53 1019 1019
39.989258 40.000000 1008.59 1008 1008
40.002930 40.000000 997.66 997 997
40.041016 40.000000 967.19 967 967
40.004883 40.000000 996.09 996 996
39.998047 40.000000 1001.56 1001 1001
39.971680 40.000000 1022.66 1022 1022
39.966797 40.000000 1026.56 1026 1026
39.958008 40.000000 1033.59 1033 1033
39.924805 40.000000 1060.16 1060 1060
39.891602 40.000000 1086.72 1086 1086
39.902344 40.000000 1078.13 1078 1078
39.899414 40.000000 1080.47 1080 1080
39.966797 40.000000 1026.56 1026 1026
39.997070 40.000000 1002.34 1002 1002
40.024414 40.000000 980.47 980 980
40.052734 40.000000 957.81 957 957
40.063477 40.000000 949.22 949 949
40.106445 40.000000 914.84 914 914
40.108398 40.000000 913.28 913 913
40.126953 40.000000 898.44 898 898
40.119141 40.000000 904.69 904 904
40.119141 40.000000 904.69 904 904
40.054688 40.000000 956.25 956 956
40.032227 40.000000 974.22 974 974
40.018555 40.000000 985.16 985 985
40.018555 40.000000 985.16 985 985
39.951172 40.000000 1039.06 1039 1039
39.965820 40.000000 1027.34 1027 1027
40.018555 40.000000 985.16 985 985
40.044922 40.000000 964.06 964 964
40.063477 40.000000 949.22 949 949
40.104492 40.000000 916.41 916 916
40.134766 40.000000 892.19 892 892
40.165039 40.000000 867.97 867 867
40.148438 40.000000 881.25 881 881
40.122070 40.000000 902.34 902 902
40.164063 40.000000 868.75 868 868
40.165039 40.000000 867.97 867 867
40.167969 40.000000 865.63 865 865
40.191406 40.000000 846.88 846 846
40.210938 40.000000 831.25 831 831
40.242188 40.000000 806.25 806 806
40.211914 40.000000 830.47 830 830
40.185547 40.000000 851.56 851 851
40.177734 40.000000 857.81 857 857
40.142578 40.000000 885.94 885 885
40.078125 40.000000 937.50 937 937
40.036133 40.000000 971.09 971 971
40.037109 40.000000 970.31 970 970
40.015625 40.000000 987.50 987 987
40.006836 40.000000 994.53 994 994
39.971680 40.000000 1022.66 1022 1022
40.010742 40.000000 991.41 991 991
40.017578 40.000000 985.94 985 985
40.041992 40.000000 966.41 966 966
40.096680 40.000000 922.66 922 922
40.125977 40.000000 899.22 899 899
40.131836 40.000000 894.53 894 894
40.135742 40.000000 891.41 891 891
40.082031 40.000000 934.38 934 934
40.087891 40.000000 929.69 929 929
40.061523 40.000000 950.78 950 950
40.043945 40.000000 964.84 964 964
40.009766 40.000000 992.19 992 992
40.011719 40.000000 990.63 990 990
39.993164 40.000000 1005.47 1005 1005
39.949219 40.000000 1040.63 1040 1040
39.950195 40.000000 1039.84 1039 1039
39.933594 40.000000 1053.13 1053 1053
39.958008 40.000000 1033.59 1033 1033
40.023438 40.000000 981.25 981 981
40.027344 40.000000 978.13 978 978
40.084961 40.000000 932.03 932 932
40.100586 40.000000 919.53 919 919
40.099609 40.000000 920.31 920 920
40.161133 40.000000 871.09 871 871
40.106445 40.000000 914.84 914 914
40.152344 40.000000 878.13 878 878
40.122070 40.000000 902.34 902 902
40.106445 40.000000 914.84 914 914
40.101563 40.000000 918.75 918 918
40.164063 40.000000 868.75 868 868
40.168945 40.000000 864.84 864 864
40.190430 40.000000 847.66 847 847
40.204102 40.000000 836.72 836 836
40.220703 40.000000 823.44 823 823
40.244141 40.000000 804.69 804 804
40.221680 40.000000 822.66 822 822
40.201172 40.000000 839.06 839 839
40.146484 40.000000 882.81 882 882
40.125000 40.000000 900.00 900 900
40.090820 40.000000 927.34 927 927
40.101563 40.000000 918.75 918 918
40.060547 40.000000 951.56 951 951
40.054688 40.000000 956.25 956 956
40.058594 40.000000 953.13 953 953
40.099609 40.000000 920.31 920 920
40.129883 40.000000 896.09 896 896
40.122070 40.000000 902.34 902 902
40.177734 40.000000 857.81 857 857
40.178711 40.000000 857.03 857 857
40.205078 40.000000 835.94 835 835
40.194336 40.000000 844.53 844 844
40.189453 40.000000 848.44 848 848
40.079102 40.000000 936.72 936 936
40.061523 40.000000 950.78 950 950
40.070313 40.000000 943.75 943 943
40.040039 40.000000 967.97 967 967
39.988281 40.000000 1009.38 1009 1009
40.008789 40.000000 992.97 992 992
40.023438 40.000000 981.25 981 981
40.041016 40.000000 967.19 967 967
40.091797 40.000000 926.56 926 926
40.097656 40.000000 921.88 921 921
40.143555 40.000000 885.16 885 885
40.176758 40.000000 858.59 858 858
40.166016 40.000000 867.19 867 867
40.177734 40.000000 857.81 857 857
40.181641 40.000000 854.69 854 854
40.217773 40.000000 825.78 825 825
40.198242 40.000000 841.41 841 841
40.198242 40.000000 841.41 841 841
40.148438 40.000000 881.25 881 881
40.096680 40.000000 922.66 922 922

