24.802734 40.000000 1923.67 1923 1923
26.771484 40.000000 1687.42 1687 1687
29.239258 40.000000 1391.29 1391 1391
31.430664 40.000000 1128.32 1128 1128
33.027344 40.000000 936.72 936 936
34.099609 40.000000 808.05 808 808
34.773438 40.000000 727.19 727 727

35.159180 40.000000 680.90 680 680
35.416992 40.000000 649.96 649 649
35.705078 40.000000 615.39 615 615
35.838867 40.000000 599.34 599 599
36.020508 40.000000 577.54 577 577
36.255859 40.000000 549.30 549 549
36.382813 40.000000 534.06 534 534
36.508789 40.000000 518.95 518 518
36.626953 40.000000 504.77 504 504
36.748047 40.000000 490.23 490 490
36.893555 40.000000 472.77 472 472
37.026367 40.000000 456.84 456 456
37.149414 40.000000 442.07 442 442
37.224609 40.000000 433.05 433 433
37.296875 40.000000 424.38 424 424
37.334961 40.000000 419.80 419 419
37.336914 40.000000 419.57 419 419
37.361328 40.000000 416.64 416 416
37.453125 40.000000 405.63 405 405
37.468750 40.000000 403.75 403 403
37.529297 40.000000 396.48 396 396
37.581055 40.000000 390.27 390 390
37.669922 40.000000 379.61 379 379
37.719727 40.000000 373.63 373 373
37.766602 40.000000 368.01 368 368
37.831055 40.000000 360.27 360 360
37.898438 40.000000 352.19 352 352
37.918945 40.000000 349.73 349 349
37.970703 40.000000 343.52 343 343
38.024414 40.000000 337.07 337 337
38.074219 40.000000 331.09 331 331
38.099609 40.000000 328.05 328 328
38.102539 40.000000 327.70 327 327
38.173828 40.000000 319.14 319 319
38.166016 40.000000 320.08 320 320
38.250977 40.000000 309.88 309 309
38.220703 40.000000 313.52 313 313
38.281250 40.000000 306.25 306 306
38.336914 40.000000 299.57 299 299
38.362305 40.000000 296.52 296 296
38.360352 40.000000 296.76 296 296
38.371094 40.000000 295.47 295 295
38.415039 40.000000 290.20 290 290
38.396484 40.000000 292.42 292 292
38.410156 40.000000 290.78 290 290
38.433594 40.000000 287.97 287 287
38.473633 40.000000 283.16 283 283
38.506836 40.000000 279.18 279 279
38.556641 40.000000 273.20 273 273
38.549805 40.000000 274.02 274 274
38.617188 40.000000 265.94 265 265
38.695313 40.000000 256.56 256 256
38.719727 40.000000 253.63 253 253
38.736328 40.000000 251.64 251 251
38.785156 40.000000 245.78 245 245
38.773438 40.000000 247.19 247 247
38.779297 40.000000 246.48 246 246
38.791992 40.000000 244.96 244 244
38.767578 40.000000 247.89 247 247
38.782227 40.000000 246.13 246 246
38.802734 40.000000 243.67 243 243
38.828125 40.000000 240.63 240 240
38.866211 40.000000 236.05 236 236
38.896484 40.000000 232.42 232 232
38.900391 40.000000 231.95 231 231
38.906250 40.000000 231.25 231 231
38.961914 40.000000 224.57 224 224
38.985352 40.000000 221.76 221 221
38.889648 40.000000 233.24 233 233
38.923828 40.000000 229.14 229 229
38.953125 40.000000 225.63 225 225
38.931641 40.000000 228.20 228 228
38.920898 40.000000 229.49 229 229
38.916992 40.000000 229.96 229 229
38.923828 40.000000 229.14 229 229
38.920898 40.000000 229.49 229 229
38.902344 40.000000 231.72 231 231
38.918945 40.000000 229.73 229 229
38.896484 40.000000 232.42 232 232
38.909180 40.000000 230.90 230 230
38.921875 40.000000 229.38 229 229
38.949219 40.000000 226.09 226 226
38.942383 40.000000 226.91 226 226
38.990234 40.000000 221.17 221 221
38.970703 40.000000 223.52 223 223
38.990234 40.000000 221.17 221 221
39.013672 40.000000 218.36 218 218
39.021484 40.000000 217.42 217 217
39.041992 40.000000 214.96 214 214
39.068359 40.000000 211.80 211 211
39.153320 40.000000 201.60 201 201
39.219727 40.000000 193.63 193 193
39.231445 40.000000 192.23 192 192
39.210938 40.000000 194.69 194 194
39.230469 40.000000 192.34 192 192
39.228516 40.000000 192.58 192 192
39.251953 40.000000 189.77 189 189
39.271484 40.000000 187.42 187 187
39.257813 40.000000 189.06 189 189
39.294922 40.000000 184.61 184 184
39.299805 40.000000 184.02 184 184
39.331055 40.000000 180.27 180 180
39.352539 40.000000 177.70 177 177
39.379883 40.000000 174.41 174 174
39.412109 40.000000 170.55 170 170
39.392578 40.000000 172.89 172 172
39.376953 40.000000 174.77 174 174
39.343750 40.000000 178.75 178 178
39.356445 40.000000 177.23 177 177
39.342773 40.000000 178.87 178 178
39.256836 40.000000 189.18 189 189
39.271484 40.000000 187.42 187 187
39.306641 40.000000 183.20 183 183
39.327148 40.000000 180.74 180 180
39.292969 40.000000 184.84 184 184
39.304688 40.000000 183.44 183 183
39.310547 40.000000 182.73 182 182
39.330078 40.000000 180.39 180 180
39.353516 40.000000 177.58 177 177
39.443359 40.000000 166.80 166 166
39.435547 40.000000 167.73 167 167
39.457031 40.000000 165.16 165 165
39.412109 40.000000 170.55 170 170
39.433594 40.000000 167.97 167 167
39.399414 40.000000 172.07 172 172
39.381836 40.000000 174.18 174 174
39.361328 40.000000 176.64 176 176
39.344727 40.000000 178.63 178 178
39.366211 40.000000 176.05 176 176
39.386719 40.000000 173.59 173 173
39.399414 40.000000 172.07 172 172
39.399414 40.000000 172.07 172 172
39.482422 40.000000 162.11 162 162
39.500000 40.000000 160.00 160 160
39.487305 40.000000 161.52 161 161
39.489258 40.000000 161.29 161 161
39.498047 40.000000 160.23 160 160
39.516602 40.000000 158.01 158 158
39.481445 40.000000 162.23 162 162
39.511719 40.000000 158.59 158 158
39.523438 40.000000 157.19 157 157
39.521484 40.000000 157.42 157 157
39.562500 40.000000 152.50 152 152
39.542969 40.000000 154.84 154 154
39.561523 40.000000 152.62 152 152
39.542969 40.000000 154.84 154 154
39.566406 40.000000 152.03 152 152
39.587891 40.000000 149.45 149 149
39.597656 40.000000 148.28 148 148
39.588867 40.000000 149.34 149 149
39.624023 40.000000 145.12 145 145
39.631836 40.000000 144.18 144 144
39.627930 40.000000 144.65 144 144
39.649414 40.000000 142.07 142 142
39.661133 40.000000 140.66 140 140
39.662109 40.000000 140.55 140 140
39.680664 40.000000 138.32 138 138
39.666016 40.000000 140.08 140 140
39.636719 40.000000 143.59 143 143
39.609375 40.000000 146.88 146 146
39.557617 40.000000 153.09 153 153
39.536133 40.000000 155.66 155 155
39.564453 40.000000 152.27 152 152
39.591797 40.000000 148.98 148 148
39.626953 40.000000 144.77 144 144
39.600586 40.000000 147.93 147 147
39.610352 40.000000 146.76 146 146
39.592773 40.000000 148.87 148 148
39.610352 40.000000 146.76 146 146
39.630859 40.000000 144.30 144 144
39.653320 40.000000 141.60 141 141
39.665039 40.000000 140.20 140 140
39.680664 40.000000 138.32 138 138
39.736328 40.000000 131.64 131 131
39.708984 40.000000 134.92 134 134
39.744141 40.000000 130.70 130 130
39.765625 40.000000 128.13 128 128
39.745117 40.000000 130.59 130 130
39.706055 40.000000 135.27 135 135
39.688477 40.000000 137.38 137 137
39.661133 40.000000 140.66 140 140
39.619141 40.000000 145.70 145 145
39.589844 40.000000 149.22 149 149
39.625000 40.000000 145.00 145 145
39.615234 40.000000 146.17 146 146
39.648438 40.000000 142.19 142 142
39.657227 40.000000 141.13 141 141
39.625000 40.000000 145.00 145 145
39.613281 40.000000 146.41 146 146
39.637695 40.000000 143.48 143 143
39.673828 40.000000 139.14 139 139
39.689453 40.000000 137.27 137 137
39.678711 40.000000 138.55 138 138
39.634766 40.000000 143.83 143 143
39.591797 40.000000 148.98 148 148
39.626953 40.000000 144.77 144 144
39.626953 40.000000 144.77 144 144
39.615234 40.000000 146.17 146 146
39.609375 40.000000 146.88 146 146
39.597656 40.000000 148.28 148 148
39.594727 40.000000 148.63 148 148
39.627930 40.000000 144.65 144 144
39.679688 40.000000 138.44 138 138
39.716797 40.000000 133.98 133 133
39.712891 40.000000 134.45 134 134
39.731445 40.000000 132.23 132 132
39.713867 40.000000 134.34 134 134
39.675781 40.000000 138.91 138 138
39.639648 40.000000 143.24 143 143
39.673828 40.000000 139.14 139 139
39.653320 40.000000 141.60 141 141
39.622070 40.000000 145.35 145 145
39.623047 40.000000 145.23 145 145
39.600586 40.000000 147.93 147 147
39.630859 40.000000 144.30 144 144
39.656250 40.000000 141.25 141 141
39.725586 40.000000 132.93 132 132
39.772461 40.000000 127.30 127 127
39.766602 40.000000 128.01 128 128
39.765625 40.000000 128.13 128 128
39.726563 40.000000 132.81 132 132
39.731445 40.000000 132.23 132 132
39.708984 40.000000 134.92 134 134
39.701172 40.000000 135.86 135 135
39.670898 40.000000 139.49 139 139
39.677734 40.000000 138.67 138 138
39.682617 40.000000 138.09 138 138
39.669922 40.000000 139.61 139 139
39.678711 40.000000 138.55 138 138
39.653320 40.000000 141.60 141 141
39.637695 40.000000 143.48 143 143
39.627930 40.000000 144.65 144 144
39.613281 40.000000 146.41 146 146
39.624023 40.000000 145.12 145 145
39.637695 40.000000 143.48 143 143
39.640625 40.000000 143.13 143 143
39.635742 40.000000 143.71 143 143
39.624023 40.000000 145.12 145 145
39.657227 40.000000 141.13 141 141
39.637695 40.000000 143.48 143 143
39.712891 40.000000 134.45 134 134
39.751953 40.000000 129.77 129 129
39.751953 40.000000 129.77 129 129
39.732422 40.000000 132.11 132 132
39.722656 40.000000 133.28 133 133
39.793945 40.000000 124.73 124 124
39.788086 40.000000 125.43 125 125
39.786133 40.000000 125.66 125 125
39.834961 40.000000 119.80 119 119
39.831055 40.000000 120.27 120 120
39.846680 40.000000 118.40 118 118
39.809570 40.000000 122.85 122 122
39.816406 40.000000 122.03 122 122
39.837891 40.000000 119.45 119 119
39.765625 40.000000 128.13 128 128
39.795898 40.000000 124.49 124 124
39.769531 40.000000 127.66 127 127
39.742188 40.000000 130.94 130 130
39.729492 40.000000 132.46 132 132
39.732422 40.000000 132.11 132 132
39.734375 40.000000 131.88 131 131
39.759766 40.000000 128.83 128 128
39.727539 40.000000 132.70 132 132
39.740234 40.000000 131.17 131 131
39.697266 40.000000 136.33 136 136
39.700195 40.000000 135.98 135 135
39.730469 40.000000 132.34 132 132
39.677734 40.000000 138.67 138 138
39.740234 40.000000 131.17 131 131
39.777344 40.000000 126.72 126 126
39.813477 40.000000 122.38 122 122
39.826172 40.000000 120.86 120 120
39.855469 40.000000 117.34 117 117
39.817383 40.000000 121.91 121 121
39.812500 40.000000 122.50 122 122
39.795898 40.000000 124.49 124 124
39.791992 40.000000 124.96 124 124
39.803711 40.000000 123.55 123 123
39.764648 40.000000 128.24 128 128
39.752930 40.000000 129.65 129 129
39.760742 40.000000 128.71 128 128
39.770508 40.000000 127.54 127 127
39.779297 40.000000 126.48 126 126
39.822266 40.000000 121.33 121 121
39.889648 40.000000 113.24 113 113
39.855469 40.000000 117.34 117 117
39.852539 40.000000 117.70 117 117
39.870117 40.000000 115.59 115 115
39.870117 40.000000 115.59 115 115
39.852539 40.000000 117.70 117 117
39.864258 40.000000 116.29 116 116
39.858398 40.000000 116.99 116 116
39.872070 40.000000 115.35 115 115
39.882813 40.000000 114.06 114 114
39.849609 40.000000 118.05 118 118
39.855469 40.000000 117.34 117 117
39.868164 40.000000 115.82 115 115
39.847656 40.000000 118.28 118 118
39.861328 40.000000 116.64 116 116
39.847656 40.000000 118.28 118 118
39.877930 40.000000 114.65 114 114
39.847656 40.000000 118.28 118 118
39.804688 40.000000 123.44 123 123
39.821289 40.000000 121.45 121 121
39.795898 40.000000 124.49 124 124
39.825195 40.000000 120.98 120 120
39.831055 40.000000 120.27 120 120
39.820313 40.000000 121.56 121 121
39.851563 40.000000 117.81 117 117
39.817383 40.000000 121.91 121 121
39.822266 40.000000 121.33 121 121
39.816406 40.000000 122.03 122 122
39.806641 40.000000 123.20 123 123
39.856445 40.000000 117.23 117 117
39.854492 40.000000 117.46 117 117
39.859375 40.000000 116.88 116 116
39.861328 40.000000 116.64 116 116
39.889648 40.000000 113.24 113 113
39.888672 40.000000 113.36 113 113
39.874023 40.000000 115.12 115 115
39.876953 40.000000 114.77 114 114
39.869141 40.000000 115.70 115 115
39.916992 40.000000 109.96 109 109
39.891602 40.000000 113.01 113 113
39.913086 40.000000 110.43 110 110
39.886719 40.000000 113.59 113 113
39.874023 40.000000 115.12 115 115
39.891602 40.000000 113.01 113 113
39.885742 40.000000 113.71 113 113
39.872070 40.000000 115.35 115 115
39.856445 40.000000 117.23 117 117
39.826172 40.000000 120.86 120 120
39.817383 40.000000 121.91 121 121
39.837891 40.000000 119.45 119 119
39.873047 40.000000 115.23 115 115
39.890625 40.000000 113.13 113 113
39.913086 40.000000 110.43 110 110
39.880859 40.000000 114.30 114 114
39.854492 40.000000 117.46 117 117
39.880859 40.000000 114.30 114 114
39.873047 40.000000 115.23 115 115
39.903320 40.000000 111.60 111 111
39.910156 40.000000 110.78 110 110
39.898438 40.000000 112.19 112 112
39.945313 40.000000 106.56 106 106
39.937500 40.000000 107.50 107 107
39.903320 40.000000 111.60 111 111
39.846680 40.000000 118.40 118 118
39.813477 40.000000 122.38 122 122
39.808594 40.000000 122.97 122 122
39.816406 40.000000 122.03 122 122
39.833008 40.000000 120.04 120 120
39.856445 40.000000 117.23 117 117
39.882813 40.000000 114.06 114 114
39.893555 40.000000 112.77 112 112
39.911133 40.000000 110.66 110 110
39.913086 40.000000 110.43 110 110
39.913086 40.000000 110.43 110 110
39.946289 40.000000 106.45 106 106
39.934570 40.000000 107.85 107 107
39.989258 40.000000 101.29 101 101
39.972656 40.000000 103.28 103 103
39.918945 40.000000 109.73 109 109
39.899414 40.000000 112.07 112 112
39.865234 40.000000 116.17 116 116
39.876953 40.000000 114.77 114 114
39.852539 40.000000 117.70 117 117
39.802734 40.000000 123.67 123 123
39.824219 40.000000 121.09 121 121
39.876953 40.000000 114.77 114 114
39.894531 40.000000 112.66 112 112
39.940430 40.000000 107.15 107 107
39.936523 40.000000 107.62 107 107
39.950195 40.000000 105.98 105 105
39.955078 40.000000 105.39 105 105
39.958008 40.000000 105.04 105 105
39.998047 40.000000 100.23 100 100
39.981445 40.000000 102.23 102 102
40.006836 40.000000 99.18 99 99
40.014648 40.000000 98.24 98 98
39.993164 40.000000 100.82 100 100
40.031250 40.000000 96.25 96 96
40.043945 40.000000 94.73 94 94
40.058594 40.000000 92.97 92 92
40.091797 40.000000 88.98 88 88
40.043945 40.000000 94.73 94 94
40.083008 40.000000 90.04 90 90
40.063477 40.000000 92.38 92 92
40.125000 40.000000 85.00 85 85
40.097656 40.000000 88.28 88 88
40.026367 40.000000 96.84 96 96
39.981445 40.000000 102.23 102 102
39.922852 40.000000 109.26 109 109
39.928711 40.000000 108.55 108 108
39.910156 40.000000 110.78 110 110
39.907227 40.000000 111.13 111 111
39.934570 40.000000 107.85 107 107
39.971680 40.000000 103.40 103 103
39.996094 40.000000 100.47 100 100
40.011719 40.000000 98.59 98 98
40.023438 40.000000 97.19 97 97
40.028320 40.000000 96.60 96 96
40.045898 40.000000 94.49 94 94
40.047852 40.000000 94.26 94 94
40.024414 40.000000 97.07 97 97
39.988281 40.000000 101.41 101 101
39.901367 40.000000 111.84 111 111
39.916016 40.000000 110.08 110 110
39.951172 40.000000 105.86 105 105
39.984375 40.000000 101.88 101 101
39.998047 40.000000 100.23 100 100
40.018555 40.000000 97.77 97 97
39.998047 40.000000 100.23 100 100
40.082031 40.000000 90.16 90 90
40.020508 40.000000 97.54 97 97
40.010742 40.000000 98.71 98 98
40.057617 40.000000 93.09 93 93
40.065430 40.000000 92.15 92 92
40.053711 40.000000 93.55 93 93
40.047852 40.000000 94.26 94 94
40.001953 40.000000 99.77 99 99
39.976563 40.000000 102.81 102 102
39.907227 40.000000 111.13 111 111
39.894531 40.000000 112.66 112 112
39.906250 40.000000 111.25 111 111
39.927734 40.000000 108.67 108 108
39.954102 40.000000 105.51 105 105
39.958008 40.000000 105.04 105 105
39.922852 40.000000 109.26 109 109
39.983398 40.000000 101.99 101 101
39.962891 40.000000 104.45 104 104
39.956055 40.000000 105.27 105 105
39.992188 40.000000 100.94 100 100
39.976563 40.000000 102.81 102 102
39.951172 40.000000 105.86 105 105
39.990234 40.000000 101.17 101 101
40.014648 40.000000 98.24 98 98
39.998047 40.000000 100.23 100 100
39.967773 40.000000 103.87 103 103
39.970703 40.000000 103.52 103 103
40.014648 40.000000 98.24 98 98
40.023438 40.000000 97.19 97 97
39.996094 40.000000 100.47 100 100
39.944336 40.000000 106.68 106 106
39.984375 40.000000 101.88 101 101
40.019531 40.000000 97.66 97 97
40.018555 40.000000 97.77 97 97
39.972656 40.000000 103.28 103 103
39.981445 40.000000 102.23 102 102
39.976563 40.000000 102.81 102 102
39.953125 40.000000 105.63 105 105
39.929688 40.000000 108.44 108 108
39.941406 40.000000 107.03 107 107
39.949219 40.000000 106.09 106 106
39.919922 40.000000 109.61 109 109
39.876953 40.000000 114.77 114 114
39.846680 40.000000 118.40 118 118
39.897461 40.000000 112.30 112 112
39.916016 40.000000 110.08 110 110
39.874023 40.000000 115.12 115 115
39.865234 40.000000 116.17 116 116
39.829102 40.000000 120.51 120 120
39.778320 40.000000 126.60 126 126
39.838867 40.000000 119.34 119 119
39.908203 40.000000 111.02 111 111
39.898438 40.000000 112.19 112 112
39.934570 40.000000 107.85 107 107
39.983398 40.000000 101.99 101 101
40.014648 40.000000 98.24 98 98
40.058594 40.000000 92.97 92 92
40.063477 40.000000 92.38 92 92
40.075195 40.000000 90.98 90 90
40.067383 40.000000 91.91 91 91
40.087891 40.000000 89.45 89 89
40.106445 40.000000 87.23 87 87
40.116211 40.000000 86.05 86 86
40.071289 40.000000 91.45 91 91
40.043945 40.000000 94.73 94 94
40.030273 40.000000 96.37 96 96
40.092773 40.000000 88.87 88 88
40.051758 40.000000 93.79 93 93
40.045898 40.000000 94.49 94 94
40.057617 40.000000 93.09 93 93
40.103516 40.000000 87.58 87 87
40.086914 40.000000 89.57 89 89
40.062500 40.000000 92.50 92 92
40.106445 40.000000 87.23 87 87
40.105469 40.000000 87.34 87 87
40.148438 40.000000 82.19 82 82
40.148438 40.000000 82.19 82 82
40.169922 40.000000 79.61 79 79
40.094727 40.000000 88.63 88 88
40.058594 40.000000 92.97 92 92
40.028320 40.000000 96.60 96 96
40.009766 40.000000 98.83 98 98
40.006836 40.000000 99.18 99 99
39.970703 40.000000 103.52 103 103
39.972656 40.000000 103.28 103 103
39.989258 40.000000 101.29 101 101
39.965820 40.000000 104.10 104 104
40.005859 40.000000 99.30 99 99
40.001953 40.000000 99.77 99 99
40.060547 40.000000 92.73 92 92
40.063477 40.000000 92.38 92 92
40.099609 40.000000 88.05 88 88
40.074219 40.000000 91.09 91 91
40.122070 40.000000 85.35 85 85
40.101563 40.000000 87.81 87 87
40.067383 40.000000 91.91 91 91
40.074219 40.000000 91.09 91 91
40.035156 40.000000 95.78 95 95
39.990234 40.000000 101.17 101 101
39.974609 40.000000 103.05 103 103
39.949219 40.000000 106.09 106 106
39.989258 40.000000 101.29 101 101
40.022461 40.000000 97.30 97 97
40.083008 40.000000 90.04 90 90
40.037109 40.000000 95.55 95 95
40.036133 40.000000 95.66 95 95
40.076172 40.000000 90.86 90 90
40.109375 40.000000 86.88 86 86
40.121094 40.000000 85.47 85 85
40.078125 40.000000 90.63 90 90
40.148438 40.000000 82.19 82 82
40.127930 40.000000 84.65 84 84
40.135742 40.000000 83.71 83 83
40.083984 40.000000 89.92 89 89
40.023438 40.000000 97.19 97 97
39.994141 40.000000 100.70 100 100
39.975586 40.000000 102.93 102 102
39.959961 40.000000 104.80 104 104
39.940430 40.000000 107.15 107 107
39.950195 40.000000 105.98 105 105
39.888672 40.000000 113.36 113 113
39.942383 40.000000 106.91 106 106
40.010742 40.000000 98.71 98 98
40.032227 40.000000 96.13 96 96
39.981445 40.000000 102.23 102 102
39.934570 40.000000 107.85 107 107
39.953125 40.000000 105.63 105 105
39.967773 40.000000 103.87 103 103
39.966797 40.000000 103.98 103 103
39.966797 40.000000 103.98 103 103
39.906250 40.000000 111.25 111 111
